   5.0000000000000003E-002  0.13089969389957470       0.13057244466482576     
  0.10000000000000001       0.13057244466482576       0.12991876431841476     
  0.15000000000000002       0.12991794619532790       0.12894028706120772     
  0.20000000000000001       0.12893701661416795       0.12763945908634766     
  0.25000000000000000       0.12763129216751970       0.12601953246377173     
  0.30000000000000004       0.12600322517933601       0.12408455701003637     
  0.35000000000000003       0.12405607996073353       0.12183937016377593     
  0.40000000000000002       0.12179392667918272       0.11928958489210603     
  0.45000000000000001       0.11922163319773008       0.11644157565820588     
  0.50000000000000000       0.11634485489957946       0.11330246248516021     
  0.55000000000000004       0.11317002251843453       0.10988009315590164     
  0.60000000000000009       0.10970432800004065       0.10618302359375331     
  0.65000000000000002       0.10595570842535068       0.10222049647262060     
  0.70000000000000007       0.10193282803066062        9.8002418110306341E-002
  0.75000000000000000        9.7645058364907167E-002   9.3539333702716318E-002
  0.80000000000000004        9.3102456629077068E-002   8.8842400960869511E-002
  0.85000000000000009        8.8315742247334697E-002   8.3923362216620528E-002
  0.90000000000000002        8.3296271724019641E-002   7.8794515066829995E-002
  0.95000000000000007        7.8056011845086246E-002   7.3468681629372382E-002
   1.0000000000000000        7.2607511286842799E-002   6.7959176487841333E-002
   1.0500000000000000        6.6963870698986641E-002   6.2279773405090687E-002
   1.1000000000000001        6.1138711332913376E-002   5.6444670888827313E-002
   1.1500000000000001        5.5146142290092640E-002   5.0468456695341869E-002
   1.2000000000000002        4.9000726468939625E-002   4.4366071360118074E-002
   1.2500000000000000        4.2717445292061375E-002   3.8152770846493982E-002
   1.3000000000000000        3.6311662299010776E-002   3.1844088405753652E-002
   1.3500000000000001        2.9799085692730026E-002   2.5455795743998942E-002
   1.4000000000000001        2.3195729930701750E-002   1.9003863592884234E-002
   1.4500000000000002        1.6517876454441648E-002   1.2504421782787316E-002
   1.5000000000000000        9.7820336533547929E-003   5.9737189182334297E-003
   1.5500000000000000        3.0048961611318335E-003  -5.7191824361604079E-004
   1.6000000000000001       -3.7966964152245132E-003  -7.1161256098564709E-003
   1.6500000000000001       -1.0605801231983691E-002  -1.3642542662072259E-002
   1.7000000000000002       -1.7405414307704807E-002  -2.0134853357632865E-002
   1.7500000000000000       -2.4178512880345962E-002  -2.6576826919799391E-002
   1.8000000000000000       -3.0908097917217856E-002  -3.2952358414666420E-002
   1.8500000000000001       -3.7577236671888885E-002  -3.9245509013496785E-002
   1.9000000000000001       -4.4169105181766866E-002  -4.5440545839793407E-002
   1.9500000000000002       -5.0667030599965128E-002  -5.1521981301490542E-002
   2.0000000000000000       -5.7054533255208970E-002  -5.7474611809933955E-002
   2.0500000000000003       -6.3315368333952904E-002  -6.3283555788852530E-002
   2.1000000000000001       -6.9433567079558819E-002  -6.8934290878298971E-002
   2.1499999999999999       -7.5393477404329848E-002  -7.4412690240549667E-002
   2.2000000000000002       -8.1179803811401982E-002  -7.9705057877198990E-002
   2.2500000000000000       -8.6777646524963281E-002  -8.4798162869155314E-002
   2.3000000000000003       -9.2172539728996083E-002  -8.9679272453938752E-002
   2.3500000000000001       -9.7350488816716471E-002  -9.4336183857587338E-002
   2.4000000000000004      -0.10229800655511437       -9.8757254801591962E-002
   2.4500000000000002      -0.10700214807147047      -0.10293143260859261     
   2.5000000000000000      -0.11145054457143880      -0.10684828183407177     
   2.5500000000000003      -0.11563143570122844      -0.11049801035496576     
   2.6000000000000001      -0.11953370046958950      -0.11387149384997232     
   2.6500000000000004      -0.12314688664869748      -0.11696029861035395     
   2.7000000000000002      -0.12646123857663150      -0.11975670262420970     
   2.7500000000000000      -0.12946772328794376      -0.12225371488150494     
   2.8000000000000003      -0.13215805490281443      -0.12444509285159640     
   2.8500000000000001      -0.13452471720946527      -0.12632535808955886     
   2.9000000000000004      -0.13656098437885905      -0.12788980993229743     
   2.9500000000000002      -0.13826093975522918      -0.12913453725020527     
   3.0000000000000000      -0.13961949267065216      -0.13005642822498759     
   3.0500000000000003      -0.14063239323668705      -0.13065317812920743     
   3.1000000000000001      -0.14129624507104532      -0.13092329508810427     
   3.1500000000000004      -0.14160851592231188      -0.13086610380928085     
   3.2000000000000002      -0.14156754616090084      -0.13048174727093423     
   3.2500000000000000      -0.14117255510968399      -0.12977118636441026     
   3.3000000000000003      -0.14042364519306491      -0.12873619749197526     
   3.3500000000000001      -0.13932180388867160      -0.12737936812581033     
   3.4000000000000004      -0.13786890347129563      -0.12570409033933086     
   3.4500000000000002      -0.13606769854419798      -0.12371455232700308     
   3.5000000000000000      -0.13392182135842209      -0.12141572793385780     
   3.5500000000000003      -0.13143577492628572      -0.11881336422087786     
   3.6000000000000001      -0.12861492394075330      -0.11591396709734574     
   3.6500000000000004      -0.12546548351790515      -0.11272478505607024     
   3.7000000000000002      -0.12199450578520513      -0.10925379105215458     
   3.7500000000000000      -0.11820986434371034      -0.10550966257060852     
   3.8000000000000003      -0.11412023663775253      -0.10150175993263594     
   3.8500000000000001      -0.10973508427093545       -9.7240102894831773E-002
   3.9000000000000004      -0.10506463131252398       -9.2735345599790520E-002
   3.9500000000000002      -0.10011984064343518       -8.7998749940749799E-002
   4.0000000000000000       -9.4912388396065070E-002  -8.3042157406857192E-002
   4.0499999999999998       -8.9454636547086380E-002  -7.7877959479447451E-002
   4.1000000000000005       -8.3759603727117521E-002  -7.2519066653339084E-002
   4.1500000000000004       -7.7840934315780944E-002  -6.6978876160597375E-002
   4.2000000000000002       -7.1712865895126571E-002  -6.1271238477454172E-002
   4.2500000000000000       -6.5390195138682744E-002  -5.5410422698117336E-002
   4.2999999999999998       -5.8888242217501108E-002  -4.9411080862035203E-002
   4.3500000000000005       -5.2222813808472761E-002  -4.3288211323797982E-002
   4.4000000000000004       -4.5410164793900663E-002  -3.7057121257251267E-002
   4.4500000000000002       -3.8466958744807385E-002  -3.0733388387561428E-002
   4.5000000000000000       -3.1410227283729351E-002  -2.4332822046902684E-002
   4.5499999999999998       -2.4257328425789301E-002  -1.7871423651126681E-002
   4.6000000000000005       -1.7025903999639928E-002  -1.1365346696222862E-002
   4.6500000000000004       -9.7338362524260827E-003  -4.8308563745784877E-003
   4.7000000000000002       -2.3992037452131368E-003   1.7157110880023337E-003
   4.7500000000000000        4.9597633526308749E-003   8.2579892728631490E-003
   4.8000000000000007        1.2324728459837920E-002   1.4779622484541809E-002
   4.8500000000000005        1.9677294158663386E-002   2.1264306640009112E-002
   4.9000000000000004        2.6999048036339259E-002   2.7695830028876392E-002
   4.9500000000000002        3.4271608678618476E-002   3.4058113842671482E-002
   5.0000000000000000        4.1476671700806843E-002   4.0335252371859892E-002
   5.0500000000000007        4.8596055701298664E-002   4.6511552770118654E-002
   5.1000000000000005        5.5611748022538467E-002   5.2571574286452122E-002
   5.1500000000000004        6.2505950204525026E-002   5.8500166867069457E-002
   5.2000000000000002        6.9261123016455234E-002   6.4282509030519117E-002
   5.2500000000000000        7.5860030952874136E-002   6.9904144921392478E-002
   5.3000000000000007        8.2285786081751897E-002   7.5351020449962364E-002
   5.3500000000000005        8.8521891133247474E-002   8.0609518427407337E-002
   5.4000000000000004        9.4552281719538667E-002   8.5666492608783798E-002
   5.4500000000000002       0.10036136757799674        9.0509300558638289E-002
   5.5000000000000000       0.10593407273215596        9.5125835257096197E-002
   5.5500000000000007       0.11125587446737020        9.9504555367411360E-002
   5.6000000000000005       0.11631284102075405       0.10363451408930799     
   5.6500000000000004       0.12109166788796948       0.10750538652598135     
   5.7000000000000002       0.12557971265263301       0.11110749549633976     
   5.7500000000000000       0.12976502824757663       0.11443183572795732     
   5.8000000000000007       0.13363639456088866       0.11747009637025498     
   5.8500000000000005       0.13718334830358175       0.12021468177162700     
   5.9000000000000004       0.14039621105987263       0.12265873046856997     
   5.9500000000000002       0.14326611544540455       0.12479613233934150     
   6.0000000000000000       0.14578502930328677       0.12662154387926469     
   6.0500000000000007       0.14794577787255550       0.12813040155948971     
   6.1000000000000005       0.14974206386856601       0.12931893323581600     
   6.1500000000000004       0.15116848541989511       0.13018416757905277     
   6.2000000000000002       0.15222055181155281       0.13072394150334188     
   6.2500000000000000       0.15289469698966077       0.13093690557387264     
   6.3000000000000007       0.15318829078823984       0.13082252738046873     
   6.3500000000000005       0.15309964784434477       0.13038109286861366     
   6.4000000000000004       0.15262803417347909       0.12961370562458704     
   6.4500000000000002       0.15177367138300255       0.12852228411649896     
   6.5000000000000000       0.15053773850709232       0.12710955689811962     
   6.5500000000000007       0.14892237145272458       0.12537905578749498     
   6.6000000000000005       0.14693066005208910       0.12333510703740161     
   6.6500000000000004       0.14456664272282183       0.12098282051971473     
   6.7000000000000002       0.14183529874342432       0.11832807695072857     
   6.7500000000000000       0.13874253815721976       0.11537751318936559     
   6.8000000000000007       0.13529518932415666       0.11213850564502920     
   6.8500000000000005       0.13150098414570049       0.10861915183658023     
   6.9000000000000004       0.12736854099393394       0.10482825014853982     
   6.9500000000000002       0.12290734538180313       0.10077527783512805     
   7.0000000000000000       0.11812772841718749        9.6470367327128451E-002
   7.0500000000000007       0.11304084308911734        9.1924280900811034E-002
   7.1000000000000005       0.10765863844000421        8.7148383772241600E-002
   7.1500000000000004       0.10199383168316831        8.2154615684241553E-002
   7.2000000000000002        9.6059878330232384E-002   7.6955461057030911E-002
   7.2500000000000000        8.9870940398088545E-002   7.1563917777177688E-002
   7.3000000000000007        8.3441852770119118E-002   6.5993464702881519E-002
   7.3500000000000005        7.6788087791154466E-002   6.0258027966828144E-002
   7.4000000000000004        6.9925718180264523E-002   5.4371946160857700E-002
   7.4500000000000002        6.2871378349896687E-002   4.8349934489485116E-002
   7.5000000000000000        5.5642224224078191E-002   4.2207047981888818E-002
   7.5500000000000007        4.8255891652384954E-002   3.5958643854337793E-002
   7.6000000000000005        4.0730453520131521E-002   2.9620343117150928E-002
   7.6500000000000004        3.3084375658747125E-002   2.3207991522171185E-002
   7.7000000000000002        2.5336471663562406E-002   1.6737619948386014E-002
   7.7500000000000000        1.7505856729230815E-002   1.0225404324729877E-002
   7.8000000000000007        9.6119006157403195E-003   3.6876251902619155E-003
   7.8500000000000005        1.6741798604267468E-003  -2.8593730071816998E-003
   7.9000000000000004       -6.2875706464261757E-003  -9.3992227721073612E-003
   7.9500000000000002       -1.4253506602930167E-002  -1.5915574480102754E-002
   8.0000000000000000       -2.2203723632818091E-002  -2.2392137251897891E-002
   8.0500000000000007       -3.0118306896198689E-002  -2.8812719680563280E-002
   8.0999999999999996       -3.7977380850497247E-002  -3.5161270310027262E-002
   8.1500000000000004       -4.5761159037555302E-002  -4.1421917763716176E-002
   8.2000000000000011       -5.3449993772487117E-002  -4.7579010422995796E-002
   8.2500000000000000       -6.1024425609825045E-002  -5.3617155556217932E-002
   8.3000000000000007       -6.8465232462731757E-002  -5.9521257800549524E-002
   8.3499999999999996       -7.5753478251613909E-002  -6.5276556900379742E-002
   8.4000000000000004       -8.2870560959339229E-002  -7.0868664607959014E-002
   8.4500000000000011       -8.9798259971435507E-002  -7.6283600654018388E-002
   8.5000000000000000       -9.6518782581133444E-002  -8.1507827698442711E-002
   8.5500000000000007      -0.10301480954090279       -8.6528285173620934E-002
   8.5999999999999996      -0.10926953954421931       -9.1332421935865105E-002
   8.6500000000000004      -0.11526673252368357       -9.5908227643269603E-002
   8.7000000000000011      -0.12099075165428727      -0.10024426278156592     
   8.7500000000000000      -0.12642660395358177      -0.10432968726290834     
   8.8000000000000007      -0.13155997937374053      -0.10815428752609348     
   8.8499999999999996      -0.13637728828401535      -0.11170850207046339     
   8.9000000000000004      -0.14086569724585582      -0.11498344535965714     
   8.9500000000000011      -0.14501316298698624      -0.11797093003545174     
   9.0000000000000000      -0.14880846448500204      -0.12066348738615772     
   9.0500000000000007      -0.15224123307555038      -0.12305438601839830     
   9.0999999999999996      -0.15530198050488619      -0.12513764868559288     
   9.1500000000000004      -0.15798212485153315      -0.12690806723107348     
   9.2000000000000011      -0.16027401424691790      -0.12836121560847641     
   9.2500000000000000      -0.16217094833017379      -0.12949346094685815     
   9.3000000000000007      -0.16366719737781238      -0.13030197263287274     
   9.3499999999999996      -0.16475801905462556      -0.13078472938730515     
   9.4000000000000004      -0.16543967273799420      -0.13094052431826927     
   9.4500000000000011      -0.16570943137372629      -0.13076896793843773     
   9.5000000000000000      -0.16556559082761338      -0.13027048913876010     
   9.5500000000000007      -0.16500747670306615      -0.12944633411623557     
   9.6000000000000014      -0.16403544860144989      -0.12829856325842046     
   9.6500000000000004      -0.16265090180807595      -0.12683004599245928     
   9.7000000000000011      -0.16085626639319842      -0.12504445361151698     
   9.7500000000000000      -0.15865500372380067      -0.12294625009654586     
   9.8000000000000007      -0.15605160038841995      -0.12054068095633338     
   9.8500000000000014      -0.15305155954372970      -0.11783376011373008     
   9.9000000000000004      -0.14966138969806841      -0.11483225487084245     
   9.9500000000000011      -0.14588859095354781      -0.11154366899077771     
   10.000000000000000      -0.14174163873478202      -0.10797622393823603     
   10.050000000000001      -0.13722996503863236      -0.10413883832584875     
   10.100000000000001      -0.13236393724564574      -0.10004110561764686     
   10.150000000000000      -0.12715483454006254       -9.5693270145400841E-002
   10.200000000000001      -0.12161482199136524       -9.1106201497791334E-002
   10.250000000000000      -0.11575692235631778       -8.6291367346437345E-002
   10.300000000000001      -0.10959498566629190       -8.1260804776717266E-002
   10.350000000000001      -0.10314365667037524       -7.6027090195055380E-002
   10.400000000000000       -9.6418340210292844E-002  -7.0603307887905864E-002
   10.450000000000001       -8.9435164608534512E-002  -6.5003017311036582E-002
   10.500000000000000       -8.2210943156250438E-002  -5.9240219190889710E-002
   10.550000000000001       -7.4763133792445036E-002  -5.3329320522765615E-002
   10.600000000000001       -6.7109797070749003E-002  -4.7285098553334605E-002
   10.650000000000000       -5.9269552514571860E-002  -4.1122663837520258E-002
   10.700000000000001       -5.1261533465717844E-002  -3.4857422462112111E-002
   10.750000000000000       -4.3105340535577401E-002  -2.8505037530548682E-002
   10.800000000000001       -3.4820993771772661E-002  -2.2081390005158880E-002
   10.850000000000001       -2.6428883656628977E-002  -1.5602539004756184E-002
   10.900000000000000       -1.7949721057055862E-002  -9.0846816568415957E-003
   10.950000000000001       -9.4044862483411741E-003  -2.5441126047849039E-003
   11.000000000000000       -8.1437713698384769E-004   4.0028167287837497E-003
   11.050000000000001        7.7992431899943319E-003   1.0539739020530445E-002
   11.100000000000001        1.6414899459814971E-002   1.7050311964725812E-002
   11.150000000000000        2.5011057621660622E-002   2.3518259129009365E-002
   11.200000000000001        3.3566178534856737E-002   2.9927410645470394E-002
   11.250000000000000        4.2058771803998703E-002   3.6261743635317749E-002
   11.300000000000001        5.0467449626803523E-002   4.2505422266076807E-002
   11.350000000000001        5.8770980520098347E-002   4.8642837341170676E-002
   11.400000000000000        6.6948342789326168E-002   5.4658645322911620E-002
   11.450000000000001        7.4978777607253744E-002   6.0537806691345279E-002
   11.500000000000000        8.2841841568207994E-002   6.6265623543050572E-002
   11.550000000000001        9.0517458585144109E-002   7.1827776335898250E-002
   11.600000000000001        9.7985970998159713E-002   7.7210359687906183E-002
   11.650000000000000       0.10522818976471246        8.2399917140694348E-002
   11.700000000000001       0.11222544360376981        8.7383474800630773E-002
   11.750000000000000       0.11895962696841536        9.2148573773565626E-002
   11.800000000000001       0.12541324672405149        9.6683301312066566E-002
   11.850000000000001       0.13156946741226658       0.10097632059728734     
   11.900000000000000       0.13741215498367154       0.10501689908101489     
   11.950000000000001       0.14292591888654585       0.10879493531703990     
   12.000000000000000       0.14809615240196097       0.11230098421477232     
   12.050000000000001       0.15290907112015972       0.11552628065196779     
   12.100000000000001       0.15735174945735358       0.11846276138753335     
   12.150000000000000       0.16141215511674703       0.12110308521963008     
   12.200000000000001       0.16507918140249711       0.12344065133867772     
   12.250000000000000       0.16834267730045532       0.12546961582937868     
   12.300000000000001       0.17119347524490727       0.12718490628050619     
   12.350000000000001       0.17362341649610810       0.12858223446593242     
   12.400000000000000       0.17562537405919665       0.12965810706519384     
   12.450000000000001       0.17719327308104493       0.13040983439679227     
   12.500000000000000       0.17832210866774523       0.13083553714239871     
   12.550000000000001       0.17900796107174291       0.13093415104514916     
   12.600000000000001       0.17924800820407122       0.13070542957028675     
   12.650000000000000       0.17904053543372017       0.13014994452149861     
   12.700000000000001       0.17838494264285895       0.12926908461140674     
   12.750000000000000       0.17728174851341344       0.12806505198978635     
   12.800000000000001       0.17573259202736077       0.12654085673819149     
   12.850000000000001       0.17374023117002457       0.12470030934475114     
   12.900000000000000       0.17130853883261998       0.12254801117794892     
   12.950000000000001       0.16844249591729032       0.12008934298320183     
   13.000000000000000       0.16514818165487910       0.11733045143099673     
   13.050000000000001       0.16143276115267466       0.11427823375021413     
   13.100000000000001       0.15730447019633303       0.11094032048505600     
   13.150000000000000       0.15277259733710971       0.10732505641868524     
   13.200000000000001       0.14784746330239557       0.10344147971126776     
   13.250000000000000       0.14254039777433863        9.9299299304572111E-002
   13.300000000000001       0.13686371358802571        9.4908870649615035E-002
   13.350000000000001       0.13083067840727694        9.0281169818033913E-002
   13.400000000000000       0.12445548394255811        8.5427766061907703E-002
   13.450000000000001       0.11775321278182108        8.0360792890626725E-002
   13.500000000000000       0.11073980291122766        7.5092917737119180E-002
   13.550000000000001       0.10343201000867969        6.9637310289268839E-002
   13.600000000000001        9.5847367598853650E-002   6.4007609565695331E-002
   13.650000000000000        8.8004145164005912E-002   5.8217889818207580E-002
   13.700000000000001        7.9921304310161034E-002   5.2282625346174311E-002
   13.750000000000000        7.1618453093406143E-002   4.6216654310775609E-002
   13.800000000000001        6.3115798615875851E-002   4.0035141639599967E-002
   13.850000000000001        5.4434098005612046E-002   3.3753541114325325E-002
   13.900000000000000        4.5594607898808551E-002   2.7387556736264869E-002
   13.950000000000001        3.6619032546991025E-002   2.0953103466363754E-002
   14.000000000000000        2.7529470675426479E-002   1.4466267437796727E-002
   14.050000000000001        1.8348361222494454E-002   7.9432657406352108E-003
   14.100000000000001        9.0984280928738618E-003   1.4004058791221054E-003
   14.150000000000000       -1.9737593980296599E-004  -5.1459549970888051E-003
   14.200000000000001       -9.5159260427119790E-003  -1.1679450985806993E-002
   14.250000000000000       -1.8833982705771486E-002  -1.8183748347060665E-002
   14.300000000000001       -2.8128249553724213E-002  -2.4642586337446683E-002
   14.350000000000001       -3.7375431444912510E-002  -3.1039817861989085E-002
   14.400000000000000       -4.6552292712216496E-002  -3.7359449841876516E-002
   14.450000000000001       -5.5635715400908198E-002  -4.3585683197159254E-002
   14.500000000000000       -6.4602757357819368E-002  -4.9702952344449096E-002
   14.550000000000001       -7.3430710026228266E-002  -5.5695964110877814E-002
   14.600000000000001       -8.2097155801242605E-002  -6.1549735967029340E-002
   14.650000000000000       -9.0580024801191372E-002  -6.7249633483263294E-002
   14.700000000000001       -9.8857650911637035E-002  -7.2781406915789076E-002
   14.750000000000000      -0.10690882696007972       -7.8131226831025399E-002
   14.800000000000001      -0.11471285888124332       -8.3285718679184148E-002
   14.850000000000001      -0.12224961873500671       -8.8231996230644941E-002
   14.900000000000000      -0.12949959644156700       -9.2957693791529128E-002
   14.950000000000001      -0.13644395010128976       -9.7450997117934479E-002
   15.000000000000000      -0.14306455476990862      -0.10170067295154500     
   15.050000000000001      -0.14934404956327424      -0.10569609710277666     
   15.100000000000001      -0.15526588296971511      -0.10942728101125138     
   15.150000000000000      -0.16081435625224777      -0.11288489671719797     
   15.200000000000001      -0.16597466482735615      -0.11606030018135156     
   15.250000000000000      -0.17073293751183391      -0.11894555289505178     
   15.300000000000001      -0.17507627353424329      -0.12153344172651437     
   15.350000000000001      -0.17899277721287307      -0.12381749695366066     
   15.400000000000000      -0.18247159020766726      -0.12579200843842281     
   15.450000000000001      -0.18550292125942927      -0.12745203990208889     
   15.500000000000000      -0.18807807333567211      -0.12879344126599976     
   15.550000000000001      -0.19018946810876639      -0.12981285902674564     
   15.600000000000001      -0.19183066769852147      -0.13050774463992465     
   15.650000000000000      -0.19299639361800464      -0.13087636089150384     
   15.700000000000001      -0.19368254286824149      -0.13091778624085426     
   15.750000000000000      -0.19388620113443333      -0.13063191712460256     
   15.800000000000001      -0.19360565304345459      -0.13001946821553936     
   15.850000000000001      -0.19284038944963974      -0.12908197063593732     
   15.900000000000000      -0.19159111172321627      -0.12782176812974541     
   15.950000000000001      -0.18985973302316869      -0.12624201120322914     
   16.000000000000000      -0.18764937654381308      -0.12434664924870481     
   16.050000000000001      -0.18496437073189956      -0.12214042067105871     
   16.100000000000001      -0.18181024147862648      -0.11962884104173496     
   16.150000000000002      -0.17819370129852366      -0.11681818930980688     
   16.199999999999999      -0.17412263551472426      -0.11371549210460427     
   16.250000000000000      -0.16960608547767855      -0.11032850616914017     
   16.300000000000001      -0.16465422885184605      -0.10666569896825320     
   16.350000000000001      -0.15927835701231935      -0.10273622751994561     
   16.400000000000002      -0.15349084960066303       -9.8549915502838162E-002
   16.449999999999999      -0.14730514629647593       -9.4117228696973615E-002
   16.500000000000000      -0.14073571586828715       -8.9449248819366625E-002
   16.550000000000001      -0.13379802257435719       -8.4557645819711216E-002
   16.600000000000001      -0.12650848999075651       -7.9454648705506531E-002
   16.650000000000002      -0.11888446235071994       -7.4153014969538078E-002
   16.699999999999999      -0.11094416348570647       -6.8665998696145786E-002
   16.750000000000000      -0.10270665346481621       -6.3007317426013135E-002
   16.800000000000001       -9.4191783035211682E-002  -5.7191117862315448E-002
   16.850000000000001       -8.5420145971945111E-002  -5.1231940503961973E-002
   16.900000000000002       -7.6413029451090506E-002  -4.5144683294348592E-002
   16.949999999999999       -6.7192362565306044E-002  -3.8944564376499340E-002
   17.000000000000000       -5.7780663105893852E-002  -3.2647084047708837E-002
   17.050000000000001       -4.8200982740068399E-002  -2.6267986008799062E-002
   17.100000000000001       -3.8476850716478210E-002  -1.9823218004867291E-002
   17.150000000000002       -2.8632216236037848E-002  -1.3328891955923350E-002
   17.199999999999999       -1.8691389628806288E-002  -6.8012436770896016E-003
   17.250000000000000       -8.6789824809846341E-003  -2.5659228906312927E-004
   17.300000000000001        1.3801531409090365E-003   6.2887005796860001E-003
   17.350000000000001        1.1460986219005168E-002   1.2818271696985916E-002
   17.400000000000002        2.1538368914249026E-002   1.9315797135043368E-002
   17.449999999999999        3.1587099143945370E-002   2.5765033080263209E-002
   17.500000000000000        4.1581983451356094E-002   3.2149856442782392E-002
   17.550000000000001        5.1497900010906955E-002   3.8454305164194617E-002
   17.600000000000001        6.1309861611829428E-002   4.4662618122696354E-002
   17.650000000000002        7.0993078462724624E-002   5.0759274535891352E-002
   17.699999999999999        8.0523020659590258E-002   5.6729032762746621E-002
   17.750000000000000        8.9875480160299073E-002   6.2556968407695021E-002
   17.800000000000001        9.9026632109358914E-002   6.8228511631624189E-002
   17.850000000000001       0.10795309535801800        7.3729483576474297E-002
   17.900000000000002       0.11663199202640370        7.9046131812383222E-002
   17.949999999999999       0.12504100595639436        8.4165164718761176E-002
   18.000000000000000       0.13315843990631901        8.9073784713342236E-002
   18.050000000000001       0.14096327134135267        9.3759720246139933E-002
   18.100000000000001       0.14843520667662052        9.8211256478322281E-002
   18.150000000000002       0.15555473383353499       0.10241726456930883     
   18.199999999999999       0.16230317297375790       0.10636722949887210     
   18.250000000000000       0.16866272527939699       0.11005127635468820     
   18.300000000000001       0.17461651965260169       0.11346019501961757     
   18.350000000000001       0.18014865721260789       0.11658546319699790     
   18.400000000000002       0.18524425347348258       0.11941926771638574     
   18.449999999999999       0.18988947809132575       0.12195452406648261     
   18.500000000000000       0.19407159207548522       0.12418489410641327     
   18.550000000000001       0.19777898236441638       0.12610480191107790     
   18.600000000000001       0.20100119367315883       0.12770944771096485     
   18.650000000000002       0.20372895752599024       0.12899481989157438     
   18.699999999999999       0.20595421839463873       0.12995770502245496     
   18.750000000000000       0.20767015686947227       0.13059569589077941     
   18.800000000000001       0.20887120979831919       0.13090719751937691     
   18.850000000000001       0.20955308733499245       0.13089143115417598     
   18.900000000000002       0.20971278684716990       0.13054843621108961     
   18.949999999999999       0.20934860364100988       0.12987907017747549     
   19.000000000000000       0.20846013846773193       0.12888500646841769     
   19.050000000000001       0.20704830178535144       0.12756873024318885     
   19.100000000000001       0.20511531475680164       0.12593353219235204     
   19.150000000000002       0.20266470697378847       0.12398350031103435     
   19.200000000000003       0.19970131090388327       0.12172350967893908     
   19.250000000000000       0.19623125306654360       0.11915921027264646     
   19.300000000000001       0.19226194195194424       0.11629701284067223     
   19.350000000000001       0.18780205270467851       0.11314407287659631     
   19.400000000000002       0.18286150860253292       0.10970827273032890     
   19.450000000000003       0.17745145936862564       0.10599820190223568     
   19.500000000000000       0.17158425636321201       0.10202313556938686     
   19.550000000000001       0.16527342470937684        9.7793011397614565E-002
   19.600000000000001       0.15853363241463364        9.3318404697348242E-002
   19.650000000000002       0.15138065655811700        8.8610501985338541E-002
   19.700000000000003       0.14383134662056377        8.3681073018365498E-002
   19.750000000000000       0.13590358504161523        7.8542441368846541E-002
   19.800000000000001       0.12761624509611530        7.3207453615905471E-002
   19.850000000000001       0.11898914618801132        6.7689447228924643E-002
   19.900000000000002       0.11004300666716706        6.2002217223871496E-002
   19.950000000000003       0.10079939428085276        5.6159981675758669E-002
   20.000000000000000        9.1280674377870546E-002   5.0177346173456448E-002
   20.050000000000001        8.1509955989186200E-002   4.4069267305720583E-002
   20.100000000000001        7.1511035914557181E-002   3.7851015269720414E-002
   20.150000000000002        6.1308340949955194E-002   3.1538135695545949E-002
   20.200000000000003        5.0926868395566816E-002   2.5146410782132620E-002
   20.250000000000000        4.0392124988803547E-002   1.8691819841763959E-002
   20.300000000000001        2.9730064411051367E-002   1.2190499351790889E-002
   20.350000000000001        1.8967023520827176E-002   5.6587026134383399E-003
   20.400000000000002        8.1296574695753562E-003  -8.8724088144780458E-004
   20.450000000000003       -2.7551261404785317E-003  -7.4309662741303302E-003
   20.500000000000000       -1.3660233894206359E-002  -1.3956114251127531E-002
   20.550000000000001       -2.4558453832582990E-002  -2.0446371942496912E-002
   20.600000000000001       -3.5422523186224103E-002  -2.6885513704010051E-002
   20.650000000000002       -4.6225196405283761E-002  -3.3257441681263170E-002
   20.700000000000003       -5.6939313316377860E-002  -3.9546226054313127E-002
   20.750000000000000       -6.7537867236458743E-002  -4.5736144862227303E-002
   20.800000000000001       -7.7994072873248679E-002  -5.1811723307985905E-002
   20.850000000000001       -8.8281433841947476E-002  -5.7757772445474545E-002
   20.900000000000002       -9.8373809628463149E-002  -6.3559427151849507E-002
   20.950000000000003      -0.10824548183037395       -6.9202183290344832E-002
   21.000000000000000      -0.11787121950821360       -7.4671933970614307E-002
   21.050000000000001      -0.12722634348147729       -7.9955004815957242E-002
   21.100000000000001      -0.13628678940597047       -8.5038188149260285E-002
   21.150000000000002      -0.14502916947175995       -8.9908776012190175E-002
   21.200000000000003      -0.15343083256403450       -9.4554591935089582E-002
   21.250000000000000      -0.16146992273262967       -9.8964021378151273E-002
   21.300000000000001      -0.16912543581981473      -0.10312604076776759     
   21.350000000000001      -0.17637727410016824      -0.10703024505546448     
   21.400000000000002      -0.18320629879097219      -0.11066687373052271     
   21.450000000000003      -0.18959438029652573      -0.11402683522125463     
   21.500000000000000      -0.19552444605510183      -0.11710172962393342     
   21.550000000000001      -0.20098052586293663      -0.11988386970255238     
   21.600000000000001      -0.20594779455563367      -0.12236630010691496     
   21.650000000000002      -0.21041261193367336      -0.12454281476101024     
   21.700000000000003      -0.21436255982532398      -0.12640797237820300     
   21.750000000000000      -0.21778647618714042      -0.12795711006445026     
   21.800000000000001      -0.22067448614939353      -0.12918635497553638     
   21.850000000000001      -0.22301802992117881      -0.13009263399918367     
   21.900000000000002      -0.22480988747759059      -0.13067368143783301     
   21.950000000000003      -0.22604419995919944      -0.13092804467288774     
   22.000000000000000      -0.22671648772211431      -0.13085508779626026     
   22.050000000000001      -0.22682366498513118      -0.13045499320014214     
   22.100000000000001      -0.22636405102884274      -0.12972876112102366     
   22.150000000000002      -0.22533737791009148      -0.12867820713910263     
   22.200000000000003      -0.22374479466376812      -0.12730595763933383     
   22.250000000000000      -0.22158886797266952      -0.12561544324546670     
   22.300000000000001      -0.21887357929491152      -0.12361089024348590     
   22.350000000000001      -0.21560431844722183      -0.12129731001589639     
   22.400000000000002      -0.21178787365129487      -0.11868048651326714     
   22.450000000000003      -0.20743241805924986      -0.11576696179435472     
   22.500000000000000      -0.20254749278307660      -0.11256401967095642     
   22.550000000000001      -0.19714398646175521      -0.10907966749838072     
   22.600000000000001      -0.19123411140847615      -0.10532261615705907     
   22.650000000000002      -0.18483137638904271      -0.10130225827534477     
   22.700000000000003      -0.17795055609108806       -9.7028644747942108E-002
   22.750000000000000      -0.17060765735216082       -9.2512459608669592E-002
   22.800000000000001      -0.16281988222300586       -8.7764993320375406E-002
   22.850000000000001      -0.15460558795047050       -8.2798114548780277E-002
   22.900000000000002      -0.14598424397237761       -7.7624240490813193E-002
   22.950000000000003      -0.13697638602440854       -7.2256305831619086E-002
   23.000000000000000      -0.12760356746650853       -6.6707730407845930E-002
   23.050000000000001      -0.11788830794354750       -6.0992385658053157E-002
   23.100000000000001      -0.10785403950192020       -5.5124559944115248E-002
   23.150000000000002       -9.7525050290434026E-002  -4.9118922830317054E-002
   23.200000000000003       -8.6926425980193053E-002  -4.2990488409443063E-002
   23.250000000000000       -7.6083989044226003E-002  -3.6754577767545468E-002
   23.300000000000001       -6.5024236043308467E-002  -3.0426780681229008E-002
   23.350000000000001       -5.3774273069780359E-002  -2.4022916643209474E-002
   23.400000000000002       -4.2361749506143985E-002  -1.7558995313581918E-002
   23.450000000000003       -3.0814790259833157E-002  -1.1051176495670407E-002
   23.500000000000000       -1.9161926639756972E-002  -4.5157297365197198E-003
   23.550000000000001       -7.4320260440312036E-003   2.0310063469722662E-003
   23.600000000000001        4.3457793682939588E-003   8.5726649145968208E-003
   23.650000000000002        1.6142164845729199E-002   1.5092891819934885E-002
   23.700000000000003        2.7927685874743705E-002   2.1575386495723110E-002
   23.750000000000000        3.9672851491643887E-002   2.8003942705272029E-002
   23.800000000000001        5.1348197893857209E-002   3.4362489058057763E-002
   23.850000000000001        6.2924362167341430E-002   4.0635129188198359E-002
   23.900000000000002        7.4372155946091006E-002   4.6806181495368457E-002
   23.950000000000003        8.5662638819422224E-002   5.2860218348800135E-002
   24.000000000000000        9.6767191302888217E-002   5.8782104656359808E-002
   24.050000000000001       0.10765758718930565        6.4557035702278581E-002
   24.100000000000001       0.11830606509746587        7.0170574158941665E-002
   24.150000000000002       0.12868539903765283        7.5608686180207385E-002
   24.200000000000003       0.13876896781509612        8.0857776486022589E-002
   24.250000000000000       0.14853082309494528        8.5904722350622742E-002
   24.300000000000001       0.15794575595525670        9.0736906409346341E-002
   24.350000000000001       0.16698936175783075        9.5342248202046564E-002
   24.400000000000002       0.17563810317051665        9.9709234374241673E-002
   24.450000000000003       0.18386937117880797       0.10382694746050118     
   24.500000000000000       0.19166154392917301       0.10768509317810944     
   24.550000000000001       0.19899404325159104       0.11127402616277242     
   24.600000000000001       0.20584738871418612       0.11458477408202847     
   24.650000000000002       0.21220324906865223       0.11760906006607945     
   24.700000000000003       0.21804449095133288       0.12033932339996523     
   24.750000000000000       0.22335522471134189       0.12276873842535109     
   24.800000000000001       0.22812084724397258       0.12489123160467358     
   24.850000000000001       0.23232808171482491       0.12670149670498437     
   24.900000000000002       0.23596501406756731       0.12819500806353271     
   24.950000000000003       0.23902112621602264       0.12936803190192223     
   25.000000000000000       0.24148732582930907       0.13021763566055694     
   25.050000000000001       0.24335597262705541       0.13074169533004026     
   25.100000000000001       0.24462090111022849       0.13093890076119849     
   25.150000000000002       0.24527743966183393       0.13080875894045371     
   25.200000000000003       0.24532242596066381       0.13035159522235779     
   25.250000000000000       0.24475421866033908       0.12956855251620597     
   25.300000000000001       0.24357270529511271       0.12846158842876365     
   25.350000000000001       0.24177930638323550       0.12703347037024942     
   25.400000000000002       0.23937697570812050       0.12528776863580957     
   25.450000000000003       0.23637019676704740       0.12322884747978018     
   25.500000000000000       0.23276497538670401       0.12086185420505134     
   25.550000000000001       0.22856882851444302       0.11819270629480988     
   25.600000000000001       0.22379076920371524       0.11522807661883139     
   25.650000000000002       0.21844128782170136       0.11197537675130582     
   25.700000000000003       0.21253232951667819       0.10844273844190200     
   25.750000000000000       0.20607726799210077       0.10463899328639341     
   25.800000000000001       0.19909087564373165       0.10057365064766884     
   25.850000000000001       0.19158929012538228        9.6256873882325095E-002
   25.900000000000002       0.18358997741792360        9.1699454932275548E-002
   25.950000000000003       0.17511169148515146        8.6912787344895298E-002
   26.000000000000000       0.16617443060883449        8.1908837789152811E-002
   26.050000000000001       0.15679939050380465        7.6700116138937444E-002
   26.100000000000001       0.14700891432225272        7.1299644198374743E-002
   26.150000000000002       0.13682643966444127        6.5720923147316104E-002
   26.200000000000003       0.12627644272082422        5.9977899788389175E-002
   26.250000000000000       0.11538437967804605        5.4084931679991267E-002
   26.300000000000001       0.10417662552846582        4.8056751242393385E-002
   26.350000000000001        9.2680410429690468E-002   4.1908428926689514E-002
   26.400000000000002        8.0923753767093959E-002   3.5655335538668925E-002
   26.450000000000003        6.8935396078423222E-002   2.9313103811801661E-002
   26.500000000000000        5.6744729005334754E-002   2.2897589325404893E-002
   26.550000000000001        4.4381723442050228E-002   1.6424830865694615E-002
   26.600000000000001        3.1876856056252359E-002   9.9110103288200975E-003
   26.650000000000002        1.9261034361849366E-002   3.3724122661235303E-003
   26.700000000000003        6.5655205273057425E-003  -3.1746168272383454E-003
   26.750000000000000       -6.1781458931425039E-003  -9.7137093785321250E-003
   26.800000000000001       -1.8938226114909015E-002  -1.6228517656379574E-002
   26.850000000000001       -3.1682860971942672E-002  -2.2702754640086073E-002
   26.900000000000002       -4.4380150263689057E-002  -2.9120234737192358E-002
   26.950000000000003       -5.6998232403005583E-002  -3.5464914247455660E-002
   27.000000000000000       -6.9505364166662892E-002  -4.1720931472100327E-002
   27.050000000000001       -8.1870000349312688E-002  -4.7872646368064743E-002
   27.100000000000001       -9.4060873121545818E-002  -5.3904679648108994E-002
   27.150000000000002      -0.10604707089290567       -5.9801951229032972E-002
   27.200000000000003      -0.11779811648146166       -6.5549717931884369E-002
   27.250000000000000      -0.12928404439278537       -7.1133610339906062E-002
   27.300000000000001      -0.14047547701290544       -7.6539668722077986E-002
   27.350000000000001      -0.15134369952204355       -8.1754377932444708E-002
   27.400000000000002      -0.16186073333864939       -8.6764701197980326E-002
   27.450000000000003      -0.17199940790645013       -9.1558112710520986E-002
   27.500000000000000      -0.18173343064090425       -9.6122628941285343E-002
   27.550000000000001      -0.19103745485559223      -0.10044683859969650     
   27.600000000000001      -0.19988714549367795      -0.10451993116160840     
   27.650000000000002      -0.20825924249462469      -0.10833172389561629     
   27.700000000000003      -0.21613162163183725      -0.11187268731988514     
   27.750000000000000      -0.22348335266281324      -0.11513396902585428     
   27.800000000000001      -0.23029475463970964      -0.11810741580925878     
   27.850000000000001      -0.23654744823494900      -0.12078559405314013     
   27.900000000000002      -0.24222440494358910      -0.12316180831188862     
   27.950000000000003      -0.24730999303164181      -0.12523011804985740     
   28.000000000000000      -0.25179002010733553      -0.12698535249270154     
   28.050000000000001      -0.25565177220045016      -0.12842312355431393     
   28.100000000000001      -0.25888404924329644      -0.12953983680704051     
   28.150000000000002      -0.26147719685564164      -0.13033270046774950     
   28.200000000000003      -0.26342313434487857      -0.13079973237728912     
   28.250000000000000      -0.26471537884197638      -0.13093976495588552     
   28.300000000000001      -0.26534906550321202      -0.13075244812209222     
   28.350000000000001      -0.26532096371734271      -0.13023825016799367     
   28.400000000000002      -0.26462948926771535      -0.12939845658847515     
   28.450000000000003      -0.26327471240879463      -0.12823516686748543     
   28.500000000000000      -0.26125836182670464      -0.12675128922932699     
   28.550000000000001      -0.25858382446359268      -0.12495053336809524     
   28.600000000000001      -0.25525614119591394      -0.12283740117344324     
   28.650000000000002      -0.25128199836707621      -0.12041717547585765     
   28.700000000000003      -0.24666971518524872      -0.11769590683958241     
   28.750000000000000      -0.24142922700750352      -0.11468039843620821     
   28.800000000000001      -0.23557206454179522      -0.11137818903674350     
   28.850000000000001      -0.22911132900856815      -0.10779753416468692     
   28.900000000000002      -0.22206166331398658      -0.10394738545721863     
   28.950000000000003      -0.21443921929688359       -9.9837368286107286E-002
   29.000000000000000      -0.20626162112149565       -9.5477757694280671E-002
   29.050000000000001      -0.19754792489786549       -9.0879452708218358E-002
   29.100000000000001      -0.18831857462143159       -8.6053949090385495E-002
   29.150000000000002      -0.17859535453275302       -8.1013310599826679E-002
   29.200000000000003      -0.16840133800752088       -7.5770138832768286E-002
   29.250000000000000      -0.15776083309595687       -7.0337541718627980E-002
   29.300000000000001      -0.14669932483937403       -6.4729100750191101E-002
   29.350000000000001      -0.13524341450005131       -5.8958837029878745E-002
   29.400000000000002      -0.12342075584863016       -5.3041176216991691E-002
   29.450000000000003      -0.11125998866095888       -4.6990912463562157E-002
   29.500000000000000       -9.8790669583666030E-002  -4.0823171428973723E-002
   29.550000000000001       -8.6043200534720782E-002  -3.4553372465812852E-002
   29.600000000000001       -7.3048754811816372E-002  -2.8197190071487452E-002
   29.650000000000002       -5.9839201087575157E-002  -2.1770514701983330E-002
   29.700000000000003       -4.6447025476304402E-002  -1.5289413045724252E-002
   29.750000000000000       -3.2905251862314709E-002  -8.7700878568508639E-003
   29.800000000000001       -1.9247360684634257E-002  -2.2288374483353480E-003
   29.850000000000001       -5.5072063772980146E-003   4.3179850538010061E-003
   29.900000000000002        8.2810663317498135E-003   1.0854012593302858E-002
   29.950000000000003        2.2083107056740887E-002   1.7362905101321453E-002
   30.000000000000000        3.5864445115902588E-002   2.3828390346586743E-002
   30.050000000000001        4.9590575407422434E-002   3.0234304615985568E-002
   30.100000000000001        6.3227044586152525E-002   3.6564633123844427E-002
   30.150000000000002        7.6739537326364057E-002   4.2803550048893677E-002
   30.200000000000003        9.0093962455110213E-002   4.8935458098820689E-002
   30.250000000000000       0.10325653874054046        5.4945027503500651E-002
   30.300000000000001       0.11619388011983292        6.0817234339421863E-002
   30.350000000000001       0.12887308015227403        6.6537398089494521E-002
   30.400000000000002       0.14126179548441556        7.2091218344343441E-002
   30.450000000000003       0.15332832811617642        7.7464810553331501E-002
   30.500000000000000       0.16504170625922623        8.2644740735936237E-002
   30.550000000000001       0.17637176358198561        8.7618059066701129E-002
   30.600000000000001       0.18728921663909692        9.2372332249799266E-002
   30.650000000000002       0.19776574028725327        9.6895674602272913E-002
   30.700000000000003       0.20777404089381188       0.10117677776824087     
   30.750000000000000       0.21728792714965234       0.10520493898978822     
   30.800000000000001       0.22628237830325826       0.10897008786386110     
   30.850000000000001       0.23473360963899007       0.11246281151827434     
   30.900000000000002       0.24261913502896373       0.11567437814389188     
   30.950000000000003       0.24991782639483992       0.11859675882414969     
   31.000000000000000       0.25660996992314367       0.12122264760734713     
   31.050000000000001       0.26267731888546036       0.12354547977152620     
   31.100000000000001       0.26810314292296916       0.12555944823627646     
   31.150000000000002       0.27287227366326433       0.12725951808043603     
   31.200000000000003       0.27697114654625204       0.12864143912939452     
   31.250000000000000       0.28038783874508161       0.12970175658052951     
   31.300000000000001       0.28311210307754553       0.13043781964021317     
   31.350000000000001       0.28513539781314678       0.13084778815079631     
   31.400000000000002       0.28645091229105418       0.13093063719100245     
   31.450000000000003       0.28705358827442867       0.13068615963823110     
   31.500000000000000       0.28694013697707554       0.13011496668636416     
   31.550000000000001       0.28610905170903633       0.12921848631778132     
   31.600000000000001       0.28456061609855443       0.12799895973340403     
   31.650000000000002       0.28229690785879996       0.12645943574969321     
   31.700000000000003       0.27932179807879909       0.12460376317660816     
   31.750000000000000       0.27564094602915123       0.12243658119558160     
   31.800000000000001       0.27126178948430640       0.11996330776156608     
   31.850000000000001       0.26619353057438866       0.11719012605814665     
   31.900000000000002       0.26044711719076014       0.11412396903958184     
   31.950000000000003       0.25403521998069567       0.11077250209841809     
   32.000000000000000       0.24697220497765429       0.10714410390200829     
   32.050000000000004       0.23927410192466117       0.10324784544584346     
   32.100000000000001       0.23095856835922393        9.9093467376064032E-002
   32.149999999999999       0.22204484953897502        9.4691355637844435E-002
   32.200000000000003       0.21255373429782806        9.0052515510530229E-002
   32.250000000000000       0.20250750693283368        8.5188544094439697E-002
   32.300000000000004       0.19192989523209469        8.0111601318113068E-002
   32.350000000000001       0.18084601476402365        7.4834379538491161E-002
   32.399999999999999       0.16928230955787235        6.9370071810023026E-002
   32.450000000000003       0.15726648931481099        6.3732338902029825E-002
   32.500000000000000       0.14482746329785495        5.7935275146781554E-002
   32.550000000000004       0.13199527105761188        5.1993373203666329E-002
   32.600000000000001       0.11880101015912420        4.5921487827541942E-002
   32.649999999999999       0.10527676108299247        3.9734798731848694E-002
   32.700000000000003        9.1455509481462943E-002   3.3448772639325830E-002
   32.750000000000000        7.7371065977225928E-002   2.7079124615204651E-002
   32.800000000000004        6.3057983699285253E-002   2.0641778779545459E-002
   32.850000000000001        4.8551473756401516E-002   1.4152828496937404E-002
   32.899999999999999        3.3887318854269564E-002   7.6284961430870052E-003
   32.950000000000003        1.9101785267746606E-002   1.0850925488788887E-003
   33.000000000000000        4.2315333840879741E-003  -5.4610237767014251E-003
   33.050000000000004       -1.0686472962740024E-002  -1.1993487542839985E-002
   33.100000000000001       -2.5615058143028242E-002  -1.8495967590121443E-002
   33.149999999999999       -4.0516927140909612E-002  -2.4952207718427599E-002
   33.200000000000003       -5.5354758493433409E-002  -3.1346067327437686E-002
   33.250000000000000       -7.0091297528104932E-002  -3.7661561768129181E-002
   33.300000000000004       -8.4689449666542876E-002  -4.3882902304400354E-002
   33.350000000000001       -9.9112373561160552E-002  -4.9994535584910522E-002
   33.399999999999999      -0.11332357383161187       -5.5981182526458416E-002
   33.450000000000003      -0.12728699316816028       -6.1827876511690159E-002
   33.500000000000000      -0.14096710357012968       -6.7520000805642674E-002
   33.550000000000004      -0.15432899648917867       -7.3043325097581088E-002
   33.600000000000001      -0.16733847164930232       -7.8384041076775546E-002
   33.649999999999999      -0.17996212431820302       -8.3528796953278070E-002
   33.700000000000003      -0.19216743080798049       -8.8464730837397393E-002
   33.750000000000000      -0.20392283198696243       -9.3179502894423227E-002
   33.800000000000004      -0.21519781458892442       -9.7661326194213000E-002
   33.850000000000001      -0.22596299011091903      -0.10189899617851725     
   33.899999999999999      -0.23619017109644130      -0.10588191867237520     
   33.950000000000003      -0.24585244460668629      -0.10960013636955221     
   34.000000000000000      -0.25492424268919017      -0.11304435372580533     
   34.050000000000004      -0.26338140966017731      -0.11620596019774394     
   34.100000000000001      -0.27120126602444150      -0.11907705176918820     
   34.149999999999999      -0.27836266886455524      -0.12165045071120949     
   34.200000000000003      -0.28484606853960787      -0.12391972352645275     
   34.250000000000000      -0.29063356154249914      -0.12587919703287989     
   34.300000000000004      -0.29570893937404136      -0.12752397254672482     
   34.350000000000001      -0.30005773330172736      -0.12884993812920292     
   34.399999999999999      -0.30366725488097823      -0.12985377886635804     
   34.450000000000003      -0.30652663212697479      -0.13053298515634726     
   34.500000000000000      -0.30862684123576889      -0.13088585898344560     
   34.550000000000004      -0.30996073376424554      -0.13091151816308533     
   34.600000000000001      -0.31052305918963280      -0.13060989854731736     
   34.649999999999999      -0.31031048278060946      -0.12998175418518110     
   34.700000000000003      -0.30932159872361203      -0.12902865543758188     
   34.750000000000000      -0.30755693845966309      -0.12775298505138871     
   34.800000000000004      -0.30501897419890511      -0.12615793220256705     
   34.850000000000001      -0.30171211759199795      -0.12424748452323897     
   34.899999999999999      -0.29764271354959354      -0.12202641813260280     
   34.950000000000003      -0.29281902921320913      -0.11950028569663512     
   35.000000000000000      -0.28725123809295072      -0.11667540254642586     
   35.050000000000004      -0.28095139939965930      -0.11355883088985054     
   35.100000000000001      -0.27393343261113551      -0.11015836215605058     
   35.149999999999999      -0.26621308732411259      -0.10648249751686051     
   35.200000000000003      -0.25780790845556179      -0.10254042663387827     
   35.250000000000000      -0.24873719686870072       -9.8342004684311340E-002
   35.300000000000004      -0.23902196551070076       -9.3897727723033633E-002
   35.350000000000001      -0.22868489116052904       -8.9218706442448351E-002
   35.399999999999999      -0.21775026189658056       -8.4316638395756940E-002
   35.450000000000003      -0.20624392040473077       -7.9203778753076132E-002
   35.500000000000000      -0.19419320325813955       -7.3892909663512640E-002
   35.550000000000004      -0.18162687631053648       -6.8397308299790363E-002
   35.600000000000001      -0.16857506635478806       -6.2730713665318613E-002
   35.649999999999999      -0.15506918920826329       -5.6907292246683568E-002
   35.700000000000003      -0.14114187439585157       -5.0941602597431815E-002
   35.750000000000000      -0.12682688661041919       -4.4848558941686482E-002
   35.800000000000004      -0.11215904413899717       -3.8643393888586931E-002
   35.850000000000001       -9.7174134451049110E-002  -3.2341620350765911E-002
   35.899999999999999       -8.1908827152753549E-002  -2.5958992762067978E-002
   35.950000000000003       -6.6400584518330363E-002  -1.9511467691464876E-002
   36.000000000000000       -5.0687569816025305E-002  -1.3015163951633112E-002
   36.050000000000004       -3.4808553652424412E-002  -6.4863223019222651E-003
   36.100000000000001       -1.8802818564283459E-002   5.8735153543387937E-005
   36.149999999999999       -2.7100620920114463E-003   6.6036457711251819E-003
   36.200000000000003        1.3429701426671273E-002   1.3132047274279163E-002
   36.250000000000000        2.9576240100584024E-002   1.9627618659247448E-002
   36.300000000000004        4.5689204520930095E-002   2.6074120997567611E-002
   36.350000000000001        6.1728228341024705E-002   3.2455438033393860E-002
   36.399999999999999        7.7653029149816991E-002   3.8755616474136625E-002
   36.450000000000003        9.3423509387756717E-002   4.4958905873694048E-002
   36.500000000000000       0.10899985705282191        5.1049798008567231E-002
   36.550000000000004       0.12434264594441770        5.7013065648419001E-002
   36.600000000000001       0.13941293519338144        6.2833800624149727E-002
   36.649999999999999       0.15417236782748414        6.8497451098320075E-002
   36.700000000000003       0.16858326812360339        7.3989857944744622E-002
   36.750000000000000       0.18260873750015391        7.9297290146307306E-002
   36.800000000000004       0.19621274870639543        8.4406479122504222E-002
   36.850000000000001       0.20936023806888657        8.9304651900894871E-002
   36.899999999999999       0.22201719555961172        9.3979563049533282E-002
   36.950000000000003       0.23415075245516465        9.8419525290547871E-002
   37.000000000000000       0.24572926636181855       0.10261343871833609     
   37.050000000000004       0.25672240338733454       0.10655081854932846     
   37.100000000000001       0.26710121724694597       0.11022182133394752     
   37.149999999999999       0.27683822509808909       0.11361726956523170     
   37.200000000000003       0.28590747990611481       0.11672867462260281     
   37.250000000000000       0.29428463915139536       0.11954825799341741     
   37.300000000000004       0.30194702969691056       0.12206897071924847     
   37.350000000000001       0.30887370864454733       0.12428451101828140     
   37.399999999999999       0.31504552001794178       0.12618934003976864     
   37.450000000000003       0.32044514711972488       0.12777869571115646     
   37.500000000000000       0.32505716042146315       0.12904860464326637     
   37.550000000000004       0.32886806085540210       0.12999589206376813     
   37.600000000000001       0.33186631838828740       0.13061818975411046     
   37.649999999999999       0.33404240576903416       0.13091394197006753     
   37.700000000000003       0.33538882735381020       0.13088240933109943     
   37.750000000000000       0.33590014292416365       0.13052367066880358     
   37.800000000000004       0.33557298642613259       0.12983862282983571     
   37.850000000000001       0.33440607957079110       0.12882897843379326     
   37.899999999999999       0.33240024024938430       0.12749726159166633     
   37.950000000000003       0.32955838572905055       0.12584680159556022     
   38.000000000000000       0.32588553060809333       0.12388172459546520     
   38.050000000000004       0.32138877952281347       0.12160694328388152     
   38.100000000000001       0.31607731461101335       0.11902814461408814     
   38.149999999999999       0.30996237775040619       0.11615177558275955     
   38.200000000000003       0.30305724760327152       0.11298502711247405     
   38.250000000000000       0.29537721151176083       0.10953581607440736     
   38.300000000000004       0.28693953230124197       0.10581276549615466     
   38.350000000000001       0.27776341006194372       0.10182518300416157     
   38.400000000000006       0.26786993899189238        9.7583037554658081E-002
   38.450000000000003       0.25728205939668614        9.3096934511267951E-002
   38.500000000000000       0.24602450495400019        8.8378089131599641E-002
   38.550000000000004       0.23412374536282252        8.3438298529102339E-002
   38.600000000000001       0.22160792450925984        7.8289912180282278E-002
   38.650000000000006       0.20850679429229010        7.2945801051011505E-002
   38.700000000000003       0.19485164426404722        6.7419325419113205E-002
   38.750000000000000       0.18067522725007362        6.1724301473667129E-002
   38.800000000000004       0.16601168112543990        5.5874966774536884E-002
   38.850000000000001       0.15089644693268101        4.9885944658470294E-002
   38.900000000000006       0.13536618353710850        4.3772207680757527E-002
   38.950000000000003       0.11945867902420429        3.7549040183842870E-002
   39.000000000000000       0.10321275905245730        3.1232000086468606E-002
   39.050000000000004        8.6668192383149809E-002   2.4836879988878170E-002
   39.100000000000001        6.9865593816211172E-002   1.8379667691315535E-002
   39.150000000000006        5.2846324768314662E-002   1.1876506224524613E-002
   39.200000000000003        3.5652391735877621E-002   5.3436534921723795E-003
   39.250000000000000        1.8326342891519794E-002  -1.2025583739102850E-003
   39.300000000000004        9.1116306782227513E-004  -7.7457638440581742E-003
   39.350000000000001       -1.6549832613104044E-002  -1.4269604904595917E-002
   39.400000000000006       -3.4013106201699922E-002  -2.0757771952872171E-002
   39.450000000000003       -5.1435005208763040E-002  -2.7194044571266243E-002
   39.500000000000000       -6.8771871450321903E-002  -3.3562332078232150E-002
   39.550000000000004       -8.5980150178858863E-002  -3.9846713755002476E-002
   39.600000000000001      -0.10301649922877001       -4.6031478647385299E-002
   39.650000000000006      -0.11983789790323401       -5.2101164843149660E-002
   39.700000000000003      -0.13640175532962609       -5.8040598126806148E-002
   39.750000000000000      -0.15266601801126009       -6.3834929915145611E-002
   39.800000000000004      -0.16858927630457002       -6.9469674378697222E-002
   39.850000000000001      -0.18413086955285179       -7.4930744656302090E-002
   39.900000000000006      -0.19925098961037213       -8.0204488072266197E-002
   39.950000000000003      -0.21391078249401035       -8.5277720268049639E-002
   40.000000000000000      -0.22807244790362263       -9.0137758163162954E-002
   40.050000000000004      -0.24169933635699989       -9.4772451662868365E-002
   40.100000000000001      -0.25475604369061811       -9.9170214033416609E-002
   40.150000000000006      -0.26720850268334384      -0.10332005086888131     
   40.200000000000003      -0.27902407156684300      -0.10721158757717381     
   40.250000000000000      -0.29017161919363382      -0.11083509531652336     
   40.300000000000004      -0.30062160664150750      -0.11418151531758161     
   40.350000000000001      -0.31034616504139712      -0.11724248153034590     
   40.400000000000006      -0.31931916942468297      -0.12001034153928433     
   40.450000000000003      -0.32751630839536533      -0.12247817569437455     
   40.500000000000000      -0.33491514944248596      -0.12463981441022884     
   40.550000000000004      -0.34149519971861819      -0.12648985359005754     
   40.600000000000001      -0.34723796212114422      -0.12802366813591112     
   40.650000000000006      -0.35212698652437369      -0.12923742351142492     
   40.700000000000003      -0.35614791602230028      -0.13012808532816014     
   40.750000000000000      -0.35928852805391598      -0.13069342693157496     
   40.800000000000004      -0.36153877029547593      -0.13093203496766084     
   40.850000000000001      -0.36289079121690104      -0.13084331291632759     
   40.900000000000006      -0.36333896521258746      -0.13042748258270351     
   40.950000000000003      -0.36287991223023164      -0.12968558354262266     
   41.000000000000000      -0.36151251183484434      -0.12861947054368528     
   41.050000000000004      -0.35923791165888147      -0.12723180886838867     
   41.100000000000001      -0.35605953020333153      -0.12552606767092109     
   41.150000000000006      -0.35198305396863439      -0.12350651130427620     
   41.200000000000003      -0.34701642890842888      -0.12117818865937063     
   41.250000000000000      -0.34116984621330182      -0.11854692054281664     
   41.300000000000004      -0.33445572244590366      -0.11561928512490560     
   41.350000000000001      -0.32688867406297223      -0.11240260149418230     
   41.400000000000006      -0.31848548637392604      -0.10890491135972354     
   41.450000000000003      -0.30926507699972244      -0.10513495894686546     
   41.500000000000000      -0.29924845390958404      -0.10110216913664023     
   41.550000000000004      -0.28845866812694632       -9.6816623903573401E-002
   41.600000000000001      -0.27692076120953463       -9.2289037110747638E-002
   41.650000000000006      -0.26466170762180558       -8.7530727725145002E-002
   41.700000000000003      -0.25171035213105269       -8.2553591520229508E-002
   41.750000000000000      -0.23809734237124530       -7.7370071336513441E-002
   41.800000000000004      -0.22385505673111028       -7.1993125974456090E-002
   41.850000000000001      -0.20901752773504714       -6.6436197797462598E-002
   41.900000000000006      -0.19362036109715622       -6.0713179125975444E-002
   41.950000000000003      -0.17770065063992768       -5.4838377506673350E-002
   42.000000000000000      -0.16129688927995625       -4.8826479943604575E-002
   42.050000000000004      -0.14444887629338501       -4.2692516180676793E-002
   42.100000000000001      -0.12719762108361388       -3.6451821127297314E-002
   42.150000000000006      -0.10958524368310928       -3.0119996521099594E-002
   42.200000000000003       -9.1654872229895643E-002  -2.3712871923599124E-002
   42.250000000000000       -7.3450537667474239E-002  -1.7246465146289656E-002
   42.300000000000004       -5.5017065924478095E-002  -1.0736942206114465E-002
   42.350000000000001       -3.6399967837313266E-002  -4.2005769104239872E-003
   42.400000000000006       -1.7645327085337236E-002   2.3462898275425506E-003
   42.450000000000003        1.2003135862320748E-003   8.8872908409402315E-003
   42.500000000000000        2.0090067575514729E-002   1.5406073627235561E-002
   42.550000000000004        3.8976820780831804E-002   2.1886341229462803E-002
   42.600000000000001        5.7813348817210092E-002   2.8311892978616388E-002
   42.650000000000006        7.6552434801636302E-002   3.4666664995323435E-002
   42.700000000000003        9.5146987414019488E-002   4.0934770349542168E-002
   42.750000000000000       0.11355015893939857        4.7100538777887044E-002
   42.800000000000004       0.13171546299624262        5.3148555859287204E-002
   42.850000000000001       0.14959689165573817        5.9063701551039148E-002
   42.900000000000006       0.16714903165774311        6.4831187988913491E-002
   42.950000000000003       0.18432717943060870        7.0436596456815548E-002
   43.000000000000000       0.20108745462432992        7.5865913433575571E-002
   43.050000000000004       0.21738691186947462        8.1105565626751655E-002
   43.100000000000001       0.23318365047805850        8.6142453905860866E-002
   43.150000000000006       0.24843692180696869        9.0963986050205420E-002
   43.200000000000003       0.26310723400968372        9.5558108229424454E-002
   43.250000000000000       0.27715645390788135        9.9913335138069936E-002
   43.300000000000004       0.29054790572105477       0.10401877870887023     
   43.350000000000001       0.30324646639945851       0.10786417533289835     
   43.400000000000006       0.31521865731355958       0.11143991151859424     
   43.450000000000003       0.32643273206166201       0.11473704792549363     
   43.500000000000000       0.33685876016648053       0.11774734171257929     
   43.550000000000004       0.34646870644114491       0.12046326714538351     
   43.600000000000001       0.35523650581539312       0.12287803441032426     
   43.650000000000006       0.36313813342353846       0.12498560658923920     
   43.700000000000003       0.37015166976714531       0.12678071475168104     
   43.750000000000000       0.37625736077719329       0.12825887112724368     
   43.800000000000004       0.38143767261282341       0.12941638032498823     
   43.850000000000001       0.38567734104651052       0.13025034857192030     
   43.900000000000006       0.38896341529866563       0.13075869094742257     
   43.950000000000003       0.39128529619820446       0.13094013659555628     
   44.000000000000000       0.39263476855949658       0.13079423190220110     
   44.050000000000004       0.39300602768029319       0.13032134162909043     
   44.100000000000001       0.39239569987969108       0.12952264800190702     
   44.150000000000006       0.39080285700988826       0.12840014775471884     
   44.200000000000003       0.38822902489038619       0.12695664713814386     
   44.250000000000000       0.38467818562835937       0.12519575490372353     
   44.300000000000004       0.38015677380410662       0.12312187328204388     
   44.350000000000001       0.37467366651578299       0.12074018697715913     
   44.400000000000006       0.36824016729294906       0.11805665020483147     
   44.450000000000003       0.36086998390382569       0.11507797180699174     
   44.500000000000000       0.35257920009646992       0.11181159847963452     
   44.550000000000004       0.34338624132935458       0.10826569615607823     
   44.600000000000001       0.33331183456199809       0.10444912959213173     
   44.650000000000006       0.32237896219131823       0.10037144020420491     
   44.700000000000003       0.31061281023423337        9.6042822215767570E-002
   44.750000000000000       0.29804071087167022        9.1474097171790808E-002
   44.800000000000004       0.28469207948352149        8.6676686884884571E-002
   44.850000000000001       0.27059834631819357        8.1662584880766123E-002
   44.900000000000006       0.25579288295415686        7.6444326414445762E-002
   44.950000000000003       0.24031092372432464        7.1034957132089294E-002
   45.000000000000000       0.22418948228710703        6.5448000456902591E-002
   45.050000000000004       0.20746726354057859        5.9697423780573640E-002
   45.100000000000001       0.19018457108833242        5.3797603544793252E-002
   45.150000000000006       0.17238321047723479        4.7763289300150884E-002
   45.200000000000003       0.15410638843841631        4.1609566832258138E-002
   45.250000000000000       0.13539860837340476        3.5351820447284743E-002
   45.300000000000004       0.11630556233729716        2.9005694511193138E-002
   45.350000000000001        9.6874019780256060E-002   2.2587054338823551E-002
   45.400000000000006        7.7151713317371709E-002   1.6111946530606904E-002
   45.450000000000003        5.7187221805036714E-002   9.5965588560637406E-003
   45.500000000000000        3.7029851009408296E-002   3.0571797843804175E-003
   45.550000000000004        1.6729512159267285E-002  -3.4898422367638559E-003
   45.600000000000001       -3.6634013183972462E-003  -1.0028139652316220E-002
   45.650000000000006       -2.4098138576459944E-002  -1.6541366718737793E-002
   45.700000000000003       -4.4523717331226648E-002  -2.3013240368362522E-002
   45.750000000000000       -6.4889050739552201E-002  -2.9427580917066345E-002
   45.800000000000004       -8.5143074854549694E-002  -3.5768352513477500E-002
   45.850000000000001      -0.10523487634269831       -4.2019703228604960E-002
   45.900000000000006      -0.12511382014371053       -4.8166004685660908E-002
   45.950000000000003      -0.14472967675386603       -5.4191891131002708E-002
   46.000000000000000      -0.16403274881366225       -6.0082297848517000E-002
   46.050000000000004      -0.18297399668157380       -6.5822498821410003E-002
   46.100000000000001      -0.20150516267745119       -7.1398143547249479E-002
   46.150000000000006      -0.21957889368162464       -7.6795292914220825E-002
   46.200000000000003      -0.23714886177910446       -8.2000454048906629E-002
   46.250000000000000      -0.25416988264238022       -8.7000614048470162E-002
   46.300000000000004      -0.27059803135120825       -9.1783272512912517E-002
   46.350000000000001      -0.28639075535343028       -9.6336472796072589E-002
   46.400000000000006      -0.30150698427727429      -0.10064883189724248     
   46.450000000000003      -0.31590723631273476      -0.10470956891866927     
   46.500000000000000      -0.32955372088750201      -0.10850853201779938     
   46.550000000000004      -0.34241043737148746      -0.11203622378688499     
   46.600000000000001      -0.35444326955325417      -0.11528382499650340     
   46.650000000000006      -0.36562007564159216      -0.11824321664363055     
   46.700000000000003      -0.37591077355604696      -0.12090700024914862     
   46.750000000000000      -0.38528742128139781      -0.12326851635404382     
   46.800000000000004      -0.39372429207285853      -0.12532186116805391     
   46.850000000000001      -0.40119794431111577      -0.12706190132914386     
   46.900000000000006      -0.40768728581919089      -0.12848428673691095     
   46.950000000000003      -0.41317363246648819      -0.12958546142783578     
   47.000000000000000      -0.41764076089923752      -0.13036267246519101     
   47.050000000000004      -0.42107495525082062      -0.13081397682138327     
   47.100000000000001      -0.42346504770015564      -0.13093824623552205     
   47.150000000000006      -0.42480245276136358      -0.13073517003407203     
   47.200000000000003      -0.42508119520332116      -0.13020525590753684     
   47.250000000000000      -0.42429793151337530      -0.12934982864123282     
   47.300000000000004      -0.42245196483542113      -0.12817102680332570     
   47.350000000000001      -0.41954525332868353      -0.12667179739841028     
   47.400000000000006      -0.41558241190985740      -0.12485588849999882     
   47.450000000000003      -0.41057070735770956      -0.12272783988033736     
   47.500000000000000      -0.40452004677578707      -0.12029297166097506     
   47.550000000000004      -0.39744295942547031      -0.11755737101246033     
   47.600000000000001      -0.38935457195821410      -0.11452787693641445     
   47.650000000000006      -0.38027257709239420      -0.11121206316802752     
   47.700000000000003      -0.37021719579667878      -0.10761821924172053     
   47.750000000000000      -0.35921113305823238      -0.10375532976730924     
   47.800000000000004      -0.34727952733029427       -9.9633051968479672E-002
   47.850000000000001      -0.33444989376971057       -9.5261691539728910E-002
   47.900000000000006      -0.32075206139080115       -9.0652176882128815E-002
   47.950000000000003      -0.30621810427746743       -8.5816031782323401E-002
   48.000000000000000      -0.29088226701065673       -8.0765346603062185E-002
   48.050000000000004      -0.27478088448315235       -7.5512748057293314E-002
   48.100000000000001      -0.25795229628812133       -7.0071367641381208E-002
   48.150000000000006      -0.24043675588188243       -6.4454808806365643E-002
   48.200000000000003      -0.22227633473492323       -5.8677112949334170E-002
   48.250000000000000      -0.20351482169825930       -5.2752724309929361E-002
   48.300000000000004      -0.18419761782475808       -4.6696453859749729E-002
   48.350000000000001      -0.16437162689701121       -4.0523442274920718E-002
   48.400000000000006      -0.14408514192470245       -3.4249122084404407E-002
   48.450000000000003      -0.12338772788515115       -2.7889179088677087E-002
   48.500000000000000      -0.10233010099078810       -2.1459513145228072E-002
   48.550000000000004       -8.0964004776712173E-002  -1.4976198418915988E-002
   48.600000000000001       -5.9342083310159270E-002  -8.4554431965566147E-003
   48.650000000000006       -3.7517751831664586E-002  -1.9135493662058483E-003
   48.700000000000003       -1.5545065144894506E-002   4.6331283375604330E-003
   48.750000000000000        6.5214159214547381E-003   1.1168223220482812E-002
   48.800000000000004        2.8626759650666217E-002   1.7675397545353987E-002
   48.850000000000001        5.0715799840074058E-002   2.4138383376361774E-002
   48.900000000000006        7.2733273130355242E-002   3.0541023248928656E-002
   48.950000000000003        9.4623956921036229E-002   3.6867310563373216E-002
   49.000000000000000       0.11633280752889133        4.3101429601409343E-002
   49.050000000000004       0.13780509824444384        4.9227795065441948E-002
   49.100000000000001       0.15898655694117414        5.5231091041810947E-002
   49.150000000000006       0.17982350289229332        6.1096309290575419E-002
   49.200000000000003       0.20026298245105956        6.6808786766113459E-002
   49.250000000000000       0.22025290325259506        7.2354242274736205E-002
   49.300000000000004       0.23974216659800290        7.7718812177672111E-002
   49.350000000000001       0.25868079768527930        8.2889085050163847E-002
   49.400000000000006       0.27702007335606066        8.7852135210030172E-002
   49.450000000000003       0.29471264703262884        9.2595555031871418E-002
   49.500000000000000       0.31171267052580687        9.7107485966132986E-002
   49.550000000000004       0.32797591240140334       0.10137664818547922     
   49.600000000000001       0.34345987260068528       0.10539236878436176     
   49.650000000000006       0.35812389301896369       0.10914460846128339     
   49.700000000000003       0.37192926375574037       0.11262398661705181     
   49.750000000000000       0.38483932475996968       0.11582180480627760     
   49.800000000000004       0.39681956260480961       0.11873006848348770     
   49.850000000000001       0.40783770213774961       0.12134150698948908     
   49.900000000000006       0.41786379276417762       0.12364959172801673     
   49.950000000000003       0.42687028913526126       0.12564855248722434     
   50.000000000000000       0.43483212602443444       0.12733339186521389     
