   2.9999999999999999E-002  0.13150577160395488     
   5.9999999999999998E-002  0.13343155403066367     
   8.9999999999999997E-002  0.13737820204895151     
  0.12000000000000000       0.14403368120131271     
  0.14999999999999999       0.15407205822483705     
  0.17999999999999999       0.16815282605071807     
  0.20999999999999999       0.18692026133322986     
  0.23999999999999999       0.21100282051306898     
  0.27000000000000002       0.24101258334373818     
  0.29999999999999999       0.27754475699689668     
  0.32999999999999996       0.32117725958033261     
  0.35999999999999999       0.37247040935060882     
  0.39000000000000001       0.43196675515957311     
  0.41999999999999998       0.50019109462086286     
  0.44999999999999996       0.57765073870450168     
  0.47999999999999998       0.66483609412930278     
  0.51000000000000001       0.76222164661980341     
  0.54000000000000004       0.87026743669185724     
  0.56999999999999995       0.98942112210817612     
  0.59999999999999998        1.1201207134829063     
  0.63000000000000000        1.2627980466767708     
  0.65999999999999992        1.4178830117080714     
  0.68999999999999995        1.5858084865533977     
  0.71999999999999997        1.7670158194183716     
  0.75000000000000000        1.9619605605141404     
  0.78000000000000003        2.1711179635547473     
  0.80999999999999994        2.3949875644007061     
  0.83999999999999997        2.6340959168653417     
  0.87000000000000000        2.8889963574766417     
  0.89999999999999991        3.1602645383261625     
  0.92999999999999994        3.4484884941450051     
  0.95999999999999996        3.7542523085928345     
  0.98999999999999999        4.0781131440897820     
   1.0200000000000000        4.4205726107358894     
   1.0500000000000000        4.7820452006019734     
   1.0800000000000001        5.1628286472896061     
   1.1099999999999999        5.5630831349231284     
   1.1399999999999999        5.9828274708635076     
   1.1699999999999999        6.4219595961577545     
   1.2000000000000000        6.8803051813829841     
   1.2300000000000000        7.3576912702803305     
   1.2600000000000000        7.8540329842945553     
   1.2900000000000000        8.3694126496480425     
   1.3199999999999998        8.9041258031744270     
   1.3499999999999999        9.4586707417090157     
   1.3799999999999999        10.033669682585996     
   1.4099999999999999        10.629729964469584     
   1.4399999999999999        11.247279442565249     
   1.4700000000000000        11.886433123523718     
   1.5000000000000000        12.546955200045200     
   1.5300000000000000        13.228358497617153     
   1.5600000000000001        13.930128424716264     
   1.5899999999999999        14.651988655972506     
   1.6199999999999999        15.394079285207448     
   1.6499999999999999        16.156933466628129     
   1.6799999999999999        16.941226410500395     
   1.7100000000000000        17.747400141620087     
   1.7400000000000000        18.575371970001591     
   1.7700000000000000        19.424534051344320     
   1.7999999999999998        20.294100338614037     
   1.8299999999999998        21.183612706824650     
   1.8599999999999999        22.093252125787753     
   1.8899999999999999        23.023682618001846     
   1.9199999999999999        23.975483316940426     
   1.9500000000000000        24.948581095746917     
   1.9800000000000000        25.942179166827110     
   2.0099999999999998        26.955321588947264     
   2.0400000000000000        27.987648785208034     
   2.0699999999999998        29.039629568844525     
   2.1000000000000001        30.111972268457365     
   2.1299999999999999        31.204726938837343     
   2.1600000000000001        32.317004339777455     
   2.1899999999999999        33.447699348146827     
   2.2199999999999998        34.596502758173592     
   2.2500000000000000        35.764037101800042     
   2.2799999999999998        36.950865791865255     
   2.3100000000000001        38.156494769011374     
   2.3399999999999999        39.379641708498667     
   2.3700000000000001        40.619541591597638     
   2.3999999999999999        41.876620637368028     
   2.4299999999999997        43.151558703565129     
   2.4600000000000000        44.443929495263966     
   2.4899999999999998        45.752342866061269     
   2.5200000000000000        47.075999177979881     
   2.5499999999999998        48.415416777713673     
   2.5800000000000001        49.771160938247256     
   2.6099999999999999        51.142427733490592     
   2.6399999999999997        52.527730221144417     
   2.6699999999999999        53.926707025351661     
   2.6999999999999997        55.340129564467397     
   2.7300000000000000        56.767998043044301     
   2.7599999999999998        58.208866509278884     
   2.7900000000000000        59.661633536995105     
   2.8199999999999998        61.126771552911435     
   2.8500000000000001        62.604779098679884     
   2.8799999999999999        64.094526579284050     
   2.9099999999999997        65.594516779779667     
   2.9399999999999999        67.104846341111696     
   2.9699999999999998        68.626219813186822     
   3.0000000000000000        70.157778568288094     
   3.0299999999999998        71.697855543624669     
   3.0600000000000001        73.246295955745722     
   3.0899999999999999        74.803863554154589     
   3.1200000000000001        76.369820196831427     
   3.1499999999999999        77.942427277271591     
   3.1799999999999997        79.521443952126432     
   3.2100000000000000        81.107638195131855     
   3.2399999999999998        82.700240054522098     
   3.2700000000000000        84.297483995652470     
   3.2999999999999998        85.899188850787098     
   3.3300000000000001        87.506093288269085     
   3.3599999999999999        89.117275981008447     
   3.3899999999999997        90.730991097019412     
   3.4199999999999999        92.347221348414010     
   3.4499999999999997        93.966627433866194     
   3.4800000000000000        95.588066300452070     
   3.5099999999999998        97.209877386634091     
   3.5400000000000000        98.832256136424490     
   3.5699999999999998        100.45572275073536     
   3.5999999999999996        102.07890139718160     
   3.6299999999999999        103.70028476073749     
   3.6599999999999997        105.32027079656442     
   3.6899999999999999        106.93918991121029     
   3.7199999999999998        108.55547656218933     
   3.7500000000000000        110.16781477670813     
   3.7799999999999998        111.77675084926337     
   3.8100000000000001        113.38242071430552     
   3.8399999999999999        114.98314256291680     
   3.8699999999999997        116.57777447060050     
   3.8999999999999999        118.16694152756284     
   3.9299999999999997        119.75064126680626     
   3.9600000000000000        121.32715140940832     
   3.9899999999999998        122.89542580107242     
   4.0199999999999996        124.45610445487334     
   4.0499999999999998        126.00915912683732     
   4.0800000000000001        127.55289684977124     
   4.1099999999999994        129.08624032638838     
   4.1399999999999997        130.60977722220230     
   4.1699999999999999        132.12360286268455     
   4.2000000000000002        133.62614643176011     
   4.2299999999999995        135.11615325018366     
   4.2599999999999998        136.59403916554467     
   4.2900000000000000        138.06016324068833     
   4.3200000000000003        139.51325622704954     
   4.3499999999999996        140.95179503628520     
   4.3799999999999999        142.37578751883200     
   4.4100000000000001        143.78586847030826     
   4.4399999999999995        145.18137337355446     
   4.4699999999999998        146.56065016527248     
   4.5000000000000000        147.92298327072399     
   4.5300000000000002        149.26894630762385     
   4.5599999999999996        150.59872532371065     
   4.5899999999999999        151.91111923509109     
   4.6200000000000001        153.20468159233783     
   4.6499999999999995        154.47917731153194     
   4.6799999999999997        155.73523492918295     
   4.7100000000000000        156.97282086795414     
   4.7400000000000002        158.19070774126979     
   4.7699999999999996        159.38756564929531     
   4.7999999999999998        160.56312813863204     
   4.8300000000000001        161.71796174085893     
   4.8599999999999994        162.85225353368506     
   4.8899999999999997        163.96513594111292     
   4.9199999999999999        165.05526438270019     
   4.9500000000000002        166.12188294054548     
   4.9799999999999995        167.16519042530564     
   5.0099999999999998        168.18571637434380     
   5.0400000000000000        169.18343933758572     
   5.0699999999999994        170.15750653509116     
   5.0999999999999996        171.10673238248253     
   5.1299999999999999        172.03034117957867     
   5.1600000000000001        172.92830342904520     
   5.1899999999999995        173.80106272798383     
   5.2199999999999998        174.64895393970883     
   5.2500000000000000        175.47177285790721     
   5.2799999999999994        176.26876040048549     
   5.3099999999999996        177.03894204567385     
   5.3399999999999999        177.78155475605314     
   5.3700000000000001        178.49630081145077     
   5.3999999999999995        179.18332739385514     
   5.4299999999999997        179.84300078431073     
   5.4600000000000000        180.47562543749498     
   5.4900000000000002        181.08124122964810     
   5.5199999999999996        181.65956196419182     
   5.5499999999999998        182.21004482237407     
   5.5800000000000001        182.73203441367784     
   5.6099999999999994        183.22491480944987     
   5.6399999999999997        183.68822032378392     
   5.6699999999999999        184.12168476089187     
   5.7000000000000002        184.52523440962770     
   5.7299999999999995        184.89894431476381     
   5.7599999999999998        185.24298001413396     
   5.7900000000000000        185.55754214388193     
   5.8199999999999994        185.84282389967228     
   5.8499999999999996        186.09898463811501     
   5.8799999999999999        186.32613836265926     
   5.9100000000000001        186.52435356242012     
   5.9399999999999995        186.69366031134899     
   5.9699999999999998        186.83406099546247     
   6.0000000000000000        186.94554193670905     
   6.0299999999999994        187.02808413474432     
   6.0599999999999996        187.08167214276318     
   6.0899999999999999        187.10630065290786     
   6.1200000000000001        187.10197869479600     
   6.1499999999999995        187.06873149383659     
   6.1799999999999997        187.00660005731635     
   6.2100000000000000        186.91563852230175     
   6.2400000000000002        186.79590927568225     
   6.2699999999999996        186.64747590708197     
   6.2999999999999998        186.47039424107095     
   6.3300000000000001        186.26470206822256     
   6.3599999999999994        186.03040878259432     
   6.3899999999999997        185.76748691172659     
   6.4199999999999999        185.47586837914338     
   6.4500000000000002        185.15544901894827     
   6.4799999999999995        184.80610495164348     
   6.5099999999999998        184.42772336400168     
   6.5400000000000000        184.02024742098311     
   6.5699999999999994        183.58373015700232     
   6.5999999999999996        183.11838571944833     
   6.6299999999999999        182.62462012776251     
   6.6600000000000001        182.10302125501724     
   6.6899999999999995        181.55429332691992     
   6.7199999999999998        180.97913756157666     
   6.7500000000000000        180.37810543466975     
   6.7799999999999994        179.75147539599899     
   6.8099999999999996        179.09921377696551     
   6.8399999999999999        178.42106352472325     
   6.8700000000000001        177.71675662634738     
   6.8999999999999995        176.98627912553343     
   6.9299999999999997        176.23006133350614     
   6.9600000000000000        175.44896363312034     
   6.9899999999999993        174.64401340904274     
   7.0199999999999996        173.81600243089611     
   7.0499999999999998        172.96518466936030     
   7.0800000000000001        172.09130569818467     
   7.1099999999999994        171.19400505365493     
   7.1399999999999997        170.27335590520534     
   7.1699999999999999        169.33013882244038     
   7.1999999999999993        168.36557356406459     
   7.2299999999999995        167.38065091875862     
   7.2599999999999998        166.37560765970224     
   7.2900000000000000        165.35005509947447     
   7.3199999999999994        164.30372433840978     
   7.3499999999999996        163.23716806344632     
   7.3799999999999999        162.15168916191334     
   7.4100000000000001        161.04847468555610     
   7.4399999999999995        159.92779839131902     
   7.4699999999999998        158.78920110889698     
   7.5000000000000000        157.63253622059918     
   7.5299999999999994        156.45872288758130     
   7.5599999999999996        155.26925776843083     
   7.5899999999999999        154.06498317414290     
   7.6200000000000001        152.84563127689754     
   7.6499999999999995        151.61079914660536     
   7.6799999999999997        150.36116053602103     
   7.7100000000000000        149.09828193641778     
   7.7399999999999993        147.82319856655516     
   7.7699999999999996        146.53568794040714     
   7.7999999999999998        145.23532507411548     
   7.8300000000000001        143.92287950677016     
   7.8599999999999994        142.60000268478734     
   7.8899999999999997        141.26758452741856     
   7.9199999999999999        139.92522584773317     
   7.9499999999999993        138.57268720086452     
   7.9799999999999995        137.21113486118875     
   8.0099999999999998        135.84220737721100     
   8.0399999999999991        134.46631103272205     
   8.0700000000000003        133.08286740838577     
   8.0999999999999996        131.69216665183095     
   8.1299999999999990        130.29584030548932     
   8.1600000000000001        128.89513352021544     
   8.1899999999999995        127.48979668074620     
   8.2199999999999989        126.07945909535060     
   8.2500000000000000        124.66522472926000     
   8.2799999999999994        123.24880369860227     
   8.3100000000000005        121.83061152655860     
   8.3399999999999999        120.41005378390382     
   8.3699999999999992        118.98752873361221     
   8.4000000000000004        117.56475119494148     
   8.4299999999999997        116.14283158590705     
   8.4599999999999991        114.72138434234624     
   8.4900000000000002        113.30018518760707     
   8.5199999999999996        111.88055113900602     
   8.5499999999999989        110.46409546226336     
   8.5800000000000001        109.05098325266300     
   8.6099999999999994        107.64064495060286     
   8.6400000000000006        106.23371805453579     
   8.6699999999999999        104.83194730941443     
   8.6999999999999993        103.43623373577918     
   8.7300000000000004        102.04610424270749     
   8.7599999999999998        100.66144668384095     
   8.7899999999999991        99.283625840386151     
   8.8200000000000003        97.914180526357384     
   8.8499999999999996        96.553258969882066     
   8.8799999999999990        95.200295817341853     
   8.9100000000000001        93.855792188912091     
   8.9399999999999995        92.521388935080665     
   8.9699999999999989        91.198174591798022     
   9.0000000000000000        89.885873532457239     
   9.0299999999999994        88.584096404921794     
   9.0600000000000005        87.293713734608090     
   9.0899999999999999        86.016345419110166     
   9.1199999999999992        84.752784907772224     
   9.1500000000000004        83.502639322151268     
   9.1799999999999997        82.265614896703255     
   9.2099999999999991        81.042608517355234     
   9.2400000000000002        79.835162701287842     
   9.2699999999999996        78.644094639649381     
   9.2999999999999989        77.469108460934976     
   9.3300000000000001        76.309802415878394     
   9.3599999999999994        75.166743076244416     
   9.3899999999999988        74.041328229444375     
   9.4199999999999999        72.934689688798713     
   9.4499999999999993        71.846953932668256     
   9.4800000000000004        70.777636739100330     
   9.5099999999999998        69.726645462774016     
   9.5399999999999991        68.694804735437273     
   9.5700000000000003        67.683429740085671     
   9.5999999999999996        66.693454242875490     
   9.6299999999999990        65.724973883238263     
   9.6600000000000001        64.777563482472615     
   9.6899999999999995        63.851000135117125     
   9.7199999999999989        62.945748404529141     
   9.7500000000000000        62.062855801925430     
   9.7799999999999994        61.203414484281332     
   9.8100000000000005        60.368040828989628     
   9.8399999999999999        59.556731037775819     
   9.8699999999999992        58.769126905487163     
   9.9000000000000004        58.004958230396774     
   9.9299999999999997        57.264373271476870     
   9.9599999999999991        56.547993824127282     
   9.9900000000000002        55.856714397485632     
   10.020000000000000        55.191392774372410     
   10.049999999999999        54.552599496886522     
   10.080000000000000        53.940525167520271     
   10.109999999999999        53.355048487871599     
   10.139999999999999        52.795900846056114     
   10.170000000000000        52.262845367020084     
   10.199999999999999        51.755808105293049     
   10.230000000000000        51.274933783440090     
   10.260000000000000        50.820570030398002     
   10.289999999999999        50.393203525049316     
   10.320000000000000        49.993377410404001     
   10.350000000000000        49.621614940713869     
   10.379999999999999        49.278364564203692     
   10.410000000000000        48.963971307839884     
   10.440000000000000        48.678671583425881     
   10.469999999999999        48.422604509842898     
   10.500000000000000        48.195832089970288     
   10.529999999999999        47.998361882090457     
   10.559999999999999        47.830167926856618     
   10.590000000000000        47.691207757734034     
   10.619999999999999        47.581434897328137     
   10.650000000000000        47.500807219949145     
   10.680000000000000        47.449292023702156     
   10.709999999999999        47.426868750734791     
   10.740000000000000        47.433530163816215     
   10.770000000000000        47.469282537354836     
   10.799999999999999        47.534145118338472     
   10.830000000000000        47.628148795467673     
   10.859999999999999        47.751333607459522     
   10.889999999999999        47.903744452306910     
   10.920000000000000        48.085424176429605     
   10.949999999999999        48.296403207317283     
   10.980000000000000        48.536685163302764     
   11.010000000000000        48.806228568799852     
   11.039999999999999        49.104926035478528     
   11.070000000000000        49.432584033620742     
   11.100000000000000        49.788908417478787     
   11.129999999999999        50.173502550531289     
   11.160000000000000        50.585885165773803     
   11.190000000000000        51.025532771035223     
   11.219999999999999        51.491945608995614     
   11.250000000000000        51.984727190532404     
   11.279999999999999        52.503657329960795     
   11.309999999999999        53.048731364932692     
   11.340000000000000        53.620138762183302     
   11.369999999999999        54.218166787389279     
   11.400000000000000        54.843040521523847     
   11.430000000000000        55.494744533770017     
   11.459999999999999        56.172900662974321     
   11.490000000000000        56.876779356373454     
   11.520000000000000        57.605479462754687     
   11.549999999999999        58.358225572913739     
   11.580000000000000        59.134642389257984     
   11.609999999999999        59.934836268070015     
   11.639999999999999        60.759190372714691     
   11.670000000000000        61.607946032705527     
   11.699999999999999        62.480812709124010     
   11.730000000000000        63.376895401258182     
   11.760000000000000        64.295058797370871     
   11.789999999999999        65.234517985349797     
   11.820000000000000        66.195202134725562     
   11.850000000000000        67.177542410057853     
   11.879999999999999        68.181787137697000     
   11.910000000000000        69.207407280453211     
   11.940000000000000        70.253178050986577     
   11.969999999999999        71.317950805849506     
   12.000000000000000        72.401404811258459     
   12.029999999999999        73.503974825856119     
   12.059999999999999        74.625942395678194     
   12.090000000000000        75.766621847365002     
   12.119999999999999        76.924596919592076     
   12.150000000000000        78.098835664905280     
   12.180000000000000        79.289397635062372     
   12.209999999999999        80.496809997747633     
   12.240000000000000        81.720801409826720     
   12.270000000000000        82.960001248918388     
   12.299999999999999        84.213088627328446     
   12.330000000000000        85.479921742260203     
   12.359999999999999        86.761066358520452     
   12.389999999999999        88.056291756171490     
   12.420000000000000        89.364144802841622     
   12.449999999999999        90.683299148124618     
   12.480000000000000        92.013757391084567     
   12.510000000000000        93.356070467216014     
   12.539999999999999        94.709681039898896     
   12.570000000000000        96.072935176814738     
   12.600000000000000        97.444822955252405     
   12.629999999999999        98.825728378818269     
   12.660000000000000        100.21593883106040     
   12.690000000000000        101.61427059714420     
   12.719999999999999        103.01908512966855     
   12.750000000000000        104.43007907000796     
   12.779999999999999        105.84785993469802     
   12.809999999999999        107.27197161609058     
   12.840000000000000        108.70069360383764     
   12.869999999999999        110.13300112924045     
   12.900000000000000        111.56934626227078     
   12.930000000000000        113.00989031579059     
   12.959999999999999        114.45322109339745     
   12.990000000000000        115.89780043672198     
   13.020000000000000        117.34363975075722     
   13.049999999999999        118.79126778006781     
   13.080000000000000        120.23978724734499     
   13.109999999999999        121.68742744524025     
   13.139999999999999        123.13363197264249     
   13.170000000000000        124.57901333965924     
   13.199999999999999        126.02326201233234     
   13.229999999999999        127.46467365956663     
   13.260000000000000        128.90211460607236     
   13.289999999999999        130.33598355167518     
   13.320000000000000        131.76651499822958     
   13.350000000000000        133.19238285849340     
   13.379999999999999        134.61199777510271     
   13.410000000000000        136.02524203417255     
   13.440000000000000        137.43269135875983     
   13.469999999999999        138.83368793592430     
   13.500000000000000        140.22650442050457     
   13.529999999999999        141.61027997890417     
   13.559999999999999        142.98550283202562     
   13.590000000000000        144.35230306426004     
   13.619999999999999        145.70936286354654     
   13.650000000000000        147.05515302830207     
   13.680000000000000        148.38947468193507     
   13.709999999999999        149.71290983432593     
   13.740000000000000        151.02510907283192     
   13.770000000000000        152.32453381910545     
   13.799999999999999        153.60996979212078     
   13.830000000000000        154.88152269535831     
   13.859999999999999        156.13970380608851     
   13.889999999999999        157.38399419981025     
   13.920000000000000        158.61288641854259     
   13.949999999999999        159.82526101777873     
   13.979999999999999        161.02119609507045     
   14.010000000000000        162.20120822370026     
   14.039999999999999        163.36499304241161     
   14.070000000000000        164.51124273793869     
   14.100000000000000        165.63867785305607     
   14.129999999999999        166.74699288948867     
   14.160000000000000        167.83665365510822     
   14.190000000000000        168.90787659923370     
   14.219999999999999        169.95994889983871     
   14.250000000000000        170.99155527144583     
   14.279999999999999        172.00168615046087     
   14.309999999999999        172.99018906405786     
   14.340000000000000        173.95749345226668     
   14.369999999999999        174.90385470029568     
   14.399999999999999        175.82882050519643     
   14.430000000000000        176.73132858998201     
   14.459999999999999        177.61027819431737     
   14.490000000000000        178.46507842622427     
   14.520000000000000        179.29578102167375     
   14.549999999999999        180.10277236497339     
   14.580000000000000        180.88629616409435     
   14.609999999999999        181.64612637423340     
   14.639999999999999        182.38155446031479     
   14.670000000000000        183.09164396769398     
   14.699999999999999        183.77557085766310     
   14.729999999999999        184.43286441978546     
   14.760000000000000        185.06345731574305     
   14.789999999999999        185.66756524532178     
   14.820000000000000        186.24548403290794     
   14.850000000000000        186.79739925351922     
   14.879999999999999        187.32327088349595     
   14.910000000000000        187.82281131700168     
   14.940000000000000        188.29553962852023     
   14.969999999999999        188.74087678685680     
   15.000000000000000        189.15824532618873     
   15.029999999999999        189.54714721749377     
   15.059999999999999        189.90720810663069     
   15.090000000000000        190.23818867666549     
   15.119999999999999        190.53997152404011     
   15.149999999999999        190.81253437058783     
   15.180000000000000        191.05591918438904     
   15.209999999999999        191.27020381034077     
   15.240000000000000        191.45547955494007     
   15.270000000000000        191.61183567227934     
   15.299999999999999        191.73935011327069     
   15.330000000000000        191.83808513030510     
   15.359999999999999        191.90808613971922     
   15.389999999999999        191.94938239521622     
   15.420000000000000        191.96198833366597     
   15.449999999999999        191.94590480685716     
   15.479999999999999        191.90111975461633     
   15.510000000000000        191.82760819369776     
   15.539999999999999        191.72533170378682     
   15.570000000000000        191.59423790431151     
   15.600000000000000        191.43426074179752     
   15.629999999999999        191.24532272984766     
   15.660000000000000        191.02734054189202     
   15.690000000000000        190.78023543100525     
   15.719999999999999        190.50394965676622     
   15.750000000000000        190.19846920725865     
   15.779999999999999        189.86385141155182     
   15.809999999999999        189.50025350930994     
   15.840000000000000        189.10795522453461     
   15.869999999999999        188.68736581706392     
   15.899999999999999        188.23900553146035     
   15.930000000000000        187.76345467316935     
   15.959999999999999        187.26127191322422     
   15.990000000000000        186.73289613659873     
   16.020000000000000        186.17855964741742     
   16.050000000000001        185.59824870843045     
   16.079999999999998        184.99174337820236     
   16.109999999999999        184.35874777954635     
   16.140000000000001        183.69908524280578     
   16.169999999999998        183.01289029428034     
   16.199999999999999        182.30070250261750     
   16.230000000000000        181.56338341702138     
   16.259999999999998        180.80185288497691     
   16.289999999999999        180.01675260970171     
   16.320000000000000        179.20822613779745     
   16.349999999999998        178.37598123774026     
   16.379999999999999        177.51965172082086     
   16.410000000000000        176.63926733446070     
   16.439999999999998        175.73550866286564     
   16.469999999999999        174.80950742915763     
   16.500000000000000        173.86226972606624     
   16.530000000000001        172.89414585805753     
   16.559999999999999        171.90481806901258     
   16.590000000000000        170.89389264992838     
   16.620000000000001        169.86162897598999     
   16.649999999999999        168.80911608618734     
   16.680000000000000        167.73764098817966     
   16.710000000000001        166.64780572645404     
   16.739999999999998        165.53931607338569     
   16.770000000000000        164.41174849460614     
   16.800000000000001        163.26552813185060     
   16.829999999999998        162.10199573655041     
   16.859999999999999        160.92238798441730     
   16.890000000000001        159.72689069661502     
   16.919999999999998        158.51496962341693     
   16.949999999999999        157.28665507940758     
   16.980000000000000        156.04316204862482     
   17.009999999999998        154.78595357095580     
   17.039999999999999        153.51542494755373     
   17.070000000000000        152.23103441831000     
   17.099999999999998        150.93278301173072     
   17.129999999999999        149.62197663739624     
   17.160000000000000        148.30009772396517     
   17.189999999999998        146.96737767261766     
   17.219999999999999        145.62323362246815     
   17.250000000000000        144.26798131299950     
   17.280000000000001        142.90320370534792     
   17.309999999999999        141.53012826281295     
   17.340000000000000        140.14853797272698     
   17.370000000000001        138.75800001456099     
   17.399999999999999        137.35948066349692     
   17.430000000000000        135.95469198932236     
   17.460000000000001        134.54418750682990     
   17.489999999999998        133.12737435351613     
   17.520000000000000        131.70446491693761     
   17.550000000000001        130.27709375121285     
   17.579999999999998        128.84651258083434     
   17.609999999999999        127.41242661173152     
   17.640000000000001        125.97449120922293     
   17.669999999999998        124.53391023605188     
   17.699999999999999        123.09235772027002     
   17.730000000000000        121.65007487381123     
   17.759999999999998        120.20646162459610     
   17.789999999999999        118.76213824293194     
   17.820000000000000        117.31888046588774     
   17.849999999999998        115.87753450936154     
   17.879999999999999        114.43755823263241     
   17.910000000000000        112.99897968033741     
   17.939999999999998        111.56335680501130     
   17.969999999999999        110.13207820217137     
   18.000000000000000        108.70496642455646     
   18.029999999999998        107.28158306307060     
   18.059999999999999        105.86296403829326     
   18.090000000000000        104.45082572998260     
   18.120000000000001        103.04562596398885     
   18.149999999999999        101.64676272149990     
   18.180000000000000        100.25452815588120     
   18.210000000000001        98.870550021798095     
   18.239999999999998        97.496033537895428     
   18.270000000000000        96.130719444260194     
   18.300000000000001        94.774205272389338     
   18.329999999999998        93.427455594543602     
   18.359999999999999        92.092130730794423     
   18.390000000000001        90.768851660277051     
   18.419999999999998        89.457093101630093     
   18.449999999999999        88.156789821336247     
   18.480000000000000        86.869205219182632     
   18.509999999999998        85.595833195058731     
   18.539999999999999        84.337003668692219     
   18.570000000000000        83.092166822722362     
   18.599999999999998        81.861363506171855     
   18.629999999999999        80.645831000344060     
   18.660000000000000        79.446997066700874     
   18.689999999999998        78.265268606723041     
   18.719999999999999        77.100159213692805     
   18.750000000000000        75.951494847575105     
   18.779999999999998        74.820171753328850     
   18.809999999999999        73.707617829779181     
   18.840000000000000        72.614676143294716     
   18.870000000000001        71.541196351086555     
   18.899999999999999        70.486701651640047     
   18.930000000000000        69.451334879315070     
   18.960000000000001        68.436112116301814     
   18.989999999999998        67.442309155088282     
   19.020000000000000        66.470648388731490     
   19.050000000000001        65.521042590189694     
   19.079999999999998        64.593046361595484     
   19.109999999999999        63.686550217818365     
   19.140000000000001        62.802138018882886     
   19.169999999999998        61.940882037310232     
   19.199999999999999        61.103801976950834     
   19.230000000000000        60.291413786876035     
   19.259999999999998        59.503652292512015     
   19.289999999999999        58.740152327812318     
   19.320000000000000        58.000659961625253     
   19.349999999999998        57.285323334587837     
   19.379999999999999        56.594733275114166     
   19.410000000000000        55.929740007923847     
   19.439999999999998        55.291175233131163     
   19.469999999999999        54.679622191402139     
   19.500000000000000        54.095318713876459     
   19.529999999999998        53.538199426588946     
   19.559999999999999        53.008027339977282     
   19.590000000000000        52.504548184836807     
   19.620000000000001        52.027614436031008     
   19.649999999999999        51.577252371035186     
   19.680000000000000        51.153670442044458     
   19.710000000000001        50.757223571783861     
   19.739999999999998        50.388354434268138     
   19.770000000000000        50.047531399715872     
   19.800000000000001        49.735196947863997     
   19.829999999999998        49.451733237626705     
   19.859999999999999        49.197445492191143     
   19.890000000000001        48.972560022964132     
   19.919999999999998        48.777232123664035     
   19.949999999999999        48.611559142600278     
   19.980000000000000        48.475595031379996     
   20.009999999999998        48.369363933244500     
   20.039999999999999        48.292871509649089     
   20.070000000000000        48.246113528459539     
   20.099999999999998        48.229081724862446     
   20.129999999999999        48.241767151911041     
   20.160000000000000        48.284161245240924     
   20.189999999999998        48.356254719980114     
   20.219999999999999        48.458034273117079     
   20.250000000000000        48.589476952185997     
   20.279999999999998        48.750542043296527     
   20.309999999999999        48.941160505827781     
   20.340000000000000        49.161222413803578     
   20.370000000000001        49.410563605852957     
   20.399999999999999        49.688953775267443     
   20.430000000000000        49.996089389568148     
   20.460000000000001        50.331595754453026     
   20.489999999999998        50.695042652980774     
   20.520000000000000        51.085976601581798     
   20.550000000000001        51.503969314965254     
   20.579999999999998        51.948676448409749     
   20.609999999999999        52.419894022136823     
   20.640000000000001        52.917594201127642     
   20.669999999999998        53.441920294697837     
   20.699999999999999        53.993126146791639     
   20.730000000000000        54.571459677780375     
   20.759999999999998        55.177013499973604     
   20.789999999999999        55.809591268309383     
   20.820000000000000        56.468653861899206     
   20.849999999999998        57.153397616959026     
   20.879999999999999        57.862967272557420     
   20.910000000000000        58.596730762133873     
   20.939999999999998        59.354481072317469     
   20.969999999999999        60.136431580895071     
   21.000000000000000        60.942960020424678     
   21.029999999999998        61.774205514541734     
   21.059999999999999        62.629753319877224     
   21.090000000000000        63.508647713457357     
   21.119999999999997        64.409791871471555     
   21.149999999999999        65.332498892253270     
   21.180000000000000        66.276775769135455     
   21.210000000000001        67.243060038605492     
   21.239999999999998        68.231551838461044     
   21.270000000000000        69.241679338512697     
   21.300000000000001        70.272219331371261     
   21.329999999999998        71.322051442580957     
   21.359999999999999        72.390868357209456     
   21.390000000000001        73.479097219462318     
   21.419999999999998        74.587025628720497     
   21.449999999999999        75.714003812315127     
   21.480000000000000        76.858638842194551     
   21.509999999999998        78.019861691871597     
   21.539999999999999        79.197667757545119     
   21.570000000000000        80.392588654221825     
   21.599999999999998        81.604450940723510     
   21.629999999999999        82.831960598000649     
   21.660000000000000        84.073733758669007     
   21.689999999999998        85.329493362064014     
   21.719999999999999        86.599793976411263     
   21.750000000000000        87.884563320465730     
   21.779999999999998        89.182463618089628     
   21.809999999999999        90.492056639777815     
   21.840000000000000        91.813155184148826     
   21.869999999999997        93.146339360327104     
   21.899999999999999        94.491282817332447     
   21.930000000000000        95.846413831363236     
   21.960000000000001        97.210508910377627     
   21.989999999999998        98.583772906758227     
   22.020000000000000        99.966653149642056     
   22.050000000000001        101.35822562852586     
   22.079999999999998        102.75678031780144     
   22.109999999999999        104.16171388313076     
   22.140000000000001        105.57360858623453     
   22.169999999999998        106.99231864442885     
   22.199999999999999        108.41625015734513     
   22.230000000000000        109.84409317577429     
   22.259999999999998        111.27608616464107     
   22.289999999999999        112.71262655548561     
   22.320000000000000        114.15258929962972     
   22.349999999999998        115.59426964907252     
   22.379999999999999        117.03734166382552     
   22.410000000000000        118.48241804377629     
   22.439999999999998        119.92896685289101     
   22.469999999999999        121.37522260275637     
   22.500000000000000        122.82025949234018     
   22.529999999999998        124.26459283353644     
   22.559999999999999        125.70825952366114     
   22.590000000000000        127.14973853290229     
   22.619999999999997        128.58759393558108     
   22.649999999999999        130.02196277360477     
   22.680000000000000        131.45330881479867     
   22.710000000000001        132.88062544984356     
   22.739999999999998        134.30218217468007     
   22.770000000000000        135.71750418658917     
   22.800000000000001        137.12719744921037     
   22.829999999999998        138.53096000079688     
   22.859999999999999        139.92714485929991     
   22.890000000000001        141.31456807353413     
   22.919999999999998        142.69352574792191     
   22.949999999999999        144.06438668570837     
   22.980000000000000        145.42610410574849     
   23.009999999999998        146.77702149468678     
   23.039999999999999        148.11662538760615     
   23.070000000000000        149.44547982793037     
   23.099999999999998        150.76352074446262     
   23.129999999999999        152.06935562435066     
   23.160000000000000        153.36156851981409     
   23.189999999999998        154.64002175634465     
   23.219999999999999        155.90527917511093     
   23.250000000000000        157.15707129450163     
   23.279999999999998        158.39398192415919     
   23.309999999999999        159.61471339378184     
   23.340000000000000        160.81914469258348     
   23.369999999999997        162.00781767841610     
   23.399999999999999        163.18061821133952     
   23.430000000000000        164.33634488219431     
   23.460000000000001        165.47362295017058     
   23.489999999999998        166.59197795846538     
   23.520000000000000        167.69182139891370     
   23.550000000000001        168.77346463376671     
   23.579999999999998        169.83631413052322     
   23.609999999999999        170.87907225730191     
   23.640000000000001        171.90064315739085     
   23.669999999999998        172.90077974471345     
   23.699999999999999        173.87988858566052     
   23.730000000000000        174.83827060865627     
   23.759999999999998        175.77552715241336     
   23.789999999999999        176.69060856110599     
   23.820000000000000        177.58238614592403     
   23.849999999999998        178.45023448228747     
   23.879999999999999        179.29419103325893     
   23.910000000000000        180.11464599985774     
   23.939999999999998        180.91184397687604     
   23.969999999999999        181.68554152091181     
   24.000000000000000        182.43499963084332     
   24.029999999999998        183.15925925912444     
   24.059999999999999        183.85750080456305     
   24.090000000000000        184.52928743975679     
   24.119999999999997        185.17459867641224     
   24.149999999999999        185.79368440380259     
   24.180000000000000        186.38684073493704     
   24.210000000000001        186.95421231890640     
   24.239999999999998        187.49568570004413     
   24.270000000000000        188.01088745296943     
   24.300000000000001        188.49926180312147     
   24.329999999999998        188.96018447578496     
   24.359999999999999        189.39307140163646     
   24.390000000000001        189.79745526816379     
   24.419999999999998        190.17302064430135     
   24.449999999999999        190.51960250126592     
   24.480000000000000        190.83716034319320     
   24.509999999999998        191.12574133400921     
   24.539999999999999        191.38544308779484     
   24.570000000000000        191.61638266033174     
   24.599999999999998        191.81867445574676     
   24.629999999999999        191.99241703184569     
   24.660000000000000        192.13768725651582     
   24.689999999999998        192.25453969119079     
   24.719999999999999        192.34300911370693     
   24.750000000000000        192.40311443991931     
   24.779999999999998        192.43486274943658     
   24.809999999999999        192.43825254498267     
   24.840000000000000        192.41327572767833     
   24.869999999999997        192.35991805031210     
   24.899999999999999        192.27815804368953     
   24.930000000000000        192.16796463639923     
   24.960000000000001        192.02929394563992     
   24.989999999999998        191.86208603527876     
   25.020000000000000        191.66626282163037     
   25.050000000000001        191.44172871922291     
   25.079999999999998        191.18837595489518     
   25.109999999999999        190.90609655121702     
   25.140000000000001        190.59480251402553     
   25.169999999999998        190.25445443019586     
   25.199999999999999        189.88509623655801     
   25.230000000000000        189.48689039914359     
   25.259999999999998        189.06014378798392     
   25.289999999999999        188.60531165532640     
   25.320000000000000        188.12296762033549     
   25.349999999999998        187.61373375602349     
   25.379999999999999        187.07817759987572     
   25.410000000000000        186.51669981268927     
   25.439999999999998        185.92945107599445     
   25.469999999999999        185.31632100133461     
   25.500000000000000        184.67702766329575     
   25.529999999999998        184.01130143139167     
   25.559999999999999        183.31910802777674     
   25.590000000000000        182.60081283843772     
   25.619999999999997        181.85718226681033     
   25.649999999999999        181.08917558570622     
   25.680000000000000        180.29759664408888     
   25.709999999999997        179.48278932812534     
   25.739999999999998        178.64458407931127     
   25.770000000000000        177.78258281579039     
   25.800000000000001        176.89664821401112     
   25.829999999999998        175.98727498310390     
   25.859999999999999        175.05553060536897     
   25.890000000000001        174.10253448713689     
   25.919999999999998        173.12884217924955     
   25.949999999999999        172.13426519340038     
   25.980000000000000        171.11835358781138     
   26.009999999999998        170.08117825056246     
   26.039999999999999        169.02368821270451     
   26.070000000000000        167.94722041686353     
   26.099999999999998        166.85257001337160     
   26.129999999999999        165.73958085475198     
   26.160000000000000        164.60776866538080     
   26.189999999999998        163.45737128570303     
   26.219999999999999        162.28963415181556     
   26.250000000000000        161.10590611283490     
   26.279999999999998        159.90655930717350     
   26.309999999999999        158.69109367592199     
   26.340000000000000        157.45938451202323     
   26.369999999999997        156.21250888565012     
   26.399999999999999        154.95199537745302     
   26.430000000000000        153.67842094926101     
   26.459999999999997        152.39129424315232     
   26.489999999999998        151.09047074974103     
   26.520000000000000        149.77712871067996     
   26.550000000000001        148.45283001488278     
   26.579999999999998        147.11797619047996     
   26.609999999999999        145.77199285876469     
   26.640000000000001        144.41503509559993     
   26.669999999999998        143.04860890908549     
   26.699999999999999        141.67407168040191     
   26.730000000000000        140.29133877415572     
   26.759999999999998        138.89990354027861     
   26.789999999999999        137.50057557489961     
   26.820000000000000        136.09508720131888     
   26.849999999999998        134.68415802590394     
   26.879999999999999        133.26723263563252     
   26.910000000000000        131.84437149543425     
   26.939999999999998        130.41712668209217     
   26.969999999999999        128.98688053181019     
   27.000000000000000        127.55346101900531     
   27.029999999999998        126.11642829566206     
   27.059999999999999        124.67683697832193     
   27.090000000000000        123.23641906173712     
   27.119999999999997        121.79558408467388     
   27.149999999999999        120.35371843327216     
   27.180000000000000        118.91126787051370     
   27.209999999999997        117.46997733328310     
   27.239999999999998        116.03086456000504     
   27.270000000000000        114.59346419907543     
   27.300000000000001        113.15764871416216     
   27.329999999999998        111.72485501620801     
   27.359999999999999        110.29659928617986     
   27.390000000000001        108.87286406447591     
   27.419999999999998        107.45312475387291     
   27.449999999999999        106.03822540776599     
   27.480000000000000        104.62991267973273     
   27.509999999999998        103.22885168306017     
   27.539999999999999        101.83447562534961     
   27.570000000000000        100.44687243305873     
   27.599999999999998        99.067559394705285     
   27.629999999999999        97.697911714507399     
   27.660000000000000        96.337848048160978     
   27.689999999999998        94.986859661404495     
   27.719999999999999        93.645679489172323     
   27.750000000000000        92.315974321298114     
   27.779999999999998        90.998605908543425     
   27.809999999999999        89.693155616648312     
   27.840000000000000        88.399360656714521     
   27.869999999999997        87.118266955516049     
   27.899999999999999        85.851450607655579     
   27.930000000000000        84.599510172193732     
   27.959999999999997        83.361970003493454     
   27.989999999999998        82.138638488940742     
   28.020000000000000        80.930520665762614     
   28.050000000000001        79.739121713069878     
   28.079999999999998        78.565138218825098     
   28.109999999999999        77.408216474992145     
   28.140000000000001        76.267986759415962     
   28.169999999999998        75.145049031312766     
   28.199999999999999        74.040780260074669     
   28.230000000000000        72.956277088071857     
   28.259999999999998        71.891664565362674     
   28.289999999999999        70.846463899840657     
   28.320000000000000        69.820535551107966     
   28.349999999999998        68.814612291857443     
   28.379999999999999        67.829958865191273     
   28.410000000000000        66.867565927263200     
   28.439999999999998        65.927647596383494     
   28.469999999999999        65.009830739723085     
   28.500000000000000        64.113789538628808     
   28.529999999999998        63.239773878555006     
   28.559999999999999        62.388655339597697     
   28.590000000000000        61.561525627960641     
   28.619999999999997        60.759186448324783     
   28.649999999999999        59.981878431423823     
   28.680000000000000        59.229374065184395     
   28.709999999999997        58.501315288453100     
   28.739999999999998        57.797568042678250     
   28.770000000000000        57.118410849032323     
   28.799999999999997        56.464498930509961     
   28.829999999999998        55.836664239595791     
   28.859999999999999        55.235670925052951     
   28.890000000000001        54.662034759000854     
   28.919999999999998        54.115959702150448     
   28.949999999999999        53.597384523482965     
   28.980000000000000        53.106095298611194     
   29.009999999999998        52.641852085218950     
   29.039999999999999        52.204490922412461     
   29.070000000000000        51.793982380408700     
   29.099999999999998        51.410445660783282     
   29.129999999999999        51.054128494561247     
   29.160000000000000        50.725367489358220     
   29.189999999999998        50.424542805776881     
   29.219999999999999        50.152037356771679     
   29.250000000000000        49.908206160152375     
   29.279999999999998        49.693357453241020     
   29.309999999999999        49.507744402469839     
   29.340000000000000        49.351564812308006     
   29.369999999999997        49.224965889369209     
   29.399999999999999        49.128051443433371     
   29.430000000000000        49.060889531295814     
   29.459999999999997        49.023519205623771     
   29.489999999999998        49.015955575512976     
   29.520000000000000        49.038192772476847     
   29.549999999999997        49.090204663223318     
   29.579999999999998        49.171943311186212     
   29.609999999999999        49.283335329105384     
   29.640000000000001        49.424276453142888     
   29.669999999999998        49.594624963571881     
   29.699999999999999        49.794195011757139     
   29.730000000000000        50.022751474108425     
   29.759999999999998        50.280008549516964     
   29.789999999999999        50.565634750655285     
   29.820000000000000        50.879266903157017     
   29.849999999999998        51.220534884074915     
   29.879999999999999        51.589096776248368     
   29.910000000000000        51.984680805067406     
   29.939999999999998        52.407126242673328     
   29.969999999999999        52.856411434698813     
   30.000000000000000        53.332654905152538     
