   1.0000000000000000        0.0000000000000000     
   1.0000000000000000        6.2831853071795866E-003
  0.99605239200984663        1.2541567061836937E-002
  0.98812653376080839        1.8749857583532235E-002
  0.97615957083384897        2.4881467503500562E-002
  0.96005361195648076        3.0907577978179172E-002
  0.93967109925462156        3.6796010807399034E-002
  0.91482781631359966        4.2509767039605587E-002
  0.88528260597876141        4.8005036432448529E-002
  0.85072225437548044        5.3228356463946802E-002
  0.81073891208839377        5.8112368478364720E-002
  0.76479539072668801        6.2569165124904083E-002
  0.71216960664510276        6.6479274899898813E-002
  0.65186064363421248        6.9672178886580657E-002
  0.58241790195113707        7.1888846207077126E-002
  0.50159783478448572        7.2701190619234704E-002
  0.40556861166083513        7.1309132082040344E-002
  0.28660975471458938        6.5885468928915711E-002
  0.12316404968923919        5.0235228352492965E-002
 -0.24688764385751175       -4.9683912431032234E-002
 -0.55591554507174346      -0.13732256518734695     
 -0.85325498711353875      -0.22207392829890205     
  -1.1456796440774559      -0.30554613612221032     
  -1.4353911584480337      -0.38829476450476574     
  -1.7233791725443093      -0.47057716030033936     
  -2.0101738783321794      -0.55253371739246437     
  -2.2960927035158254      -0.63424952239271282     
  -2.5813409047024485      -0.71578008097448453     
  -2.8660589395620417      -0.79716362972280108     
  -3.1503471932928155      -0.87842763944841762     
  -3.4342799250735041      -0.95959251714564997     
  -3.7179136260408550       -1.0406738408702489     
  -4.0012922787059546       -1.1216837745296102     
  -4.2844508022256598       -1.2026319993025689     
  -4.5674173865808143       -1.2835263473496967     
  -4.8502151199433463       -1.3643732452341912     
  -5.1328631516063226       -1.4451780317919529     
  -5.4153775410703267       -1.5259451908571495     
  -5.6977718897983527       -1.6066785248413828     
  -5.9800578191934077       -1.6873812863461748     
  -6.2622453376653002       -1.7680562794321424     
  -6.5443431263230440       -1.8487059385759208     
  -6.8263587640372965       -1.9293323909693560     
  -7.1082989066955520       -2.0099375062104490     
  -7.3901694314081725       -2.0905229363311109     
  -7.6719755535850620       -2.1710901483338589     
  -7.9537219227896054       -2.2516404508602030     
  -8.2354127018279009       -2.3321750162174317     
  -8.5170516324751855       -2.4126948987012544     
  -8.7986420904619145       -2.4932010499379396     
  -9.0801871317602423       -2.5736943318097794     
  -9.3616895317729263       -2.6541755274070118     
  -9.6431518186925835       -2.7346453503573005     
  -9.9245763020424782       -2.8151044528130642     
  -10.205965097211063       -2.8955534323220080     
  -10.487320146637042       -2.9759928377632479     
  -10.768643238179404       -3.0564231744975703     
  -11.049936021109906       -3.1368449088535217     
  -11.331200020088158       -3.2172584720495774     
  -11.612436647417331       -3.2976642636354119     
  -11.893647213828363       -3.3780626545213721     
  -12.174832937999813       -3.4584539896539312     
  -12.455994954987270       -3.5388385903856583     
  -12.737134323708888       -3.6192167565806468     
  -13.018252033611191       -3.6995887684900790     
  -13.299349010620581       -3.7799548884274126     
  -13.580426122470540       -3.8603153622683513     
  -13.861484183481508       -3.9406704207971521     
  -14.142523958859615       -4.0210202809177895     
  -14.423546168571241       -4.1013651467459384     
  -14.704551490842693       -4.1817052105955907     
  -14.985540565327716       -4.2620406538722717     
  -15.266513995979970       -4.3423716478832786     
  -15.547472353662883       -4.4226983545740275     
  -15.828416178525156       -4.5030209271984498     
  -16.109345982166772       -4.5833395109304060     
  -16.390262249617273       -4.6636542434222417     
  -16.671165441145522       -4.7439652553158727     
  -16.952055993917892       -4.8242726707111672     
  -17.232934323519860       -4.9045766075958355     
  -17.513800825354313       -4.9848771782405601     
  -17.794655875928353       -5.0651744895626925     
  -18.075499834039103       -5.1454686434614683     
  -18.356333041867899       -5.2257597371273752     
  -18.637155825991218       -5.3060478633280344     
  -18.917968498315858       -5.3863331106726982     
  -19.198771356945045       -5.4666155638572613     
  -19.479564686981540       -5.5468953038914801     
  -19.760348761273146       -5.6271724083099306     
  -20.041123841105517       -5.7074469513680803     
  -20.321890176846654       -5.7877190042247202     
  -20.602648008547121       -5.8679886351118791     
  -20.883397566499529       -5.9482559094932350     
  -21.164139071760605       -6.0285208902119507     
  -21.444872736638796       -6.1087836376287656     
  -21.725598765150085       -6.1890442097511063     
  -22.006317353444512       -6.2693026623539065     
  -22.287028690205592       -6.3495590490927736     
  -22.567732957024699       -6.4298134216100653     
  -22.848430328752265       -6.5100658296344145     
  -23.129120973827501       -6.5903163210741740     
  -23.409805054588190       -6.6705649421052247     
  -23.690482727561985       -6.7508117372535521     
  -23.971154143740527       -6.8310567494729577     
  -24.251819448837576       -6.9113000202182473     
  -24.532478783532266       -6.9915415895142070     
  -24.813132283698497       -7.0717814960206571     
  -25.093780080621418       -7.1520197770938463     
  -25.374422301201832       -7.2322564688444322     
  -25.655059068149360       -7.3124916061922711     
  -25.935690500165059       -7.3927252229182283     
  -26.216316712114221       -7.4729573517131991     
  -26.496937815189938       -7.5531880242245206     
  -26.777553917068047       -7.6334172710999386     
  -27.058165122053985       -7.7136451220292814     
  -27.338771531222051       -7.7938716057839850     
  -27.619373242547553       -7.8740967502545987     
  -27.899970351032266       -7.9543205824863943     
  -28.180562948823599       -8.0345431287131976     
  -28.461151125327849       -8.1147644143895352     
  -28.741734967317893       -8.1949844642212124     
  -29.022314559035646       -8.2752033021944040     
  -29.302889982289575       -8.3554209516033424     
  -29.583461316547563       -8.4356374350766892     
  -29.864028639025388       -8.5158527746026618     
  -30.144592024771057       -8.5960669915529806     
  -30.425151546745219       -8.6762801067057129     
  -30.705707275897897       -8.7564921402670670     
  -30.986259281241715       -8.8367031118921915     
  -31.266807629921825       -8.9169130407050403     
  -31.547352387282704       -8.9971219453173479     
  -31.827893616931995       -9.0773298438467691     
  -32.108431380801541       -9.1575367539342185     
  -32.388965739205752       -9.2377426927604560     
  -32.669496750897459       -9.3179476770619587     
  -32.950024473121388       -9.3981517231461122     
  -33.230548961665349       -9.4783548469057610     
  -33.511070270909265       -9.5585570638331454     
  -33.791588453872180       -9.6387583890332547     
  -34.072103562257297       -9.7189588372366345     
  -34.352615646495174       -9.7991584228116633     
  -34.633124755785175       -9.8793571597763332     
  -34.913630938135235       -9.9595550618095530     
  -35.194134240400018       -10.039752142262000     
  -35.474634708317595       -10.119948414166542     
  -35.755132386544638       -10.200143890248251     
  -36.035627318690260       -10.280338582934018     
  -36.316119547348535       -10.360532504361801     
  -36.596609114129770       -10.440725666389518     
  -36.877096059690572       -10.520918080603597     
  -37.157580423762788       -10.601109758327201     
  -37.438062245181335       -10.681300710628150     
  -37.718541561911010       -10.761490948326543     
  -37.999018411072299       -10.841680482002094     
  -38.279492828966241       -10.921869322001205     
  -38.559964851098364       -11.002057478443783     
  -38.840434512201782       -11.082244961229796     
  -39.120901846259436       -11.162431780045605     
  -39.401366886525551       -11.242617944370073     
  -39.681829665546331       -11.322803463480444     
  -39.962290215179920       -11.402988346458024     
  -40.242748566615660       -11.483172602193664     
  -40.523204750392701       -11.563356239393048     
  -40.803658796417942       -11.643539266581802     
  -41.084110733983366       -11.723721692110427     
  -41.364560591782798       -11.803903524159061     
  -41.645008397928081       -11.884084770742087     
  -41.925454179964710       -11.964265439712578     
  -42.205897964886951       -12.044445538766606     
  -42.486339779152459       -12.124625075447391     
  -42.766779648696399       -12.204804057149328     
  -43.047217598945132       -12.284982491121879     
  -43.327653654829426       -12.365160384473333     
  -43.608087840797261       -12.445337744174452     
  -43.888520180826227       -12.525514577061996     
  -44.168950698435502       -12.605690889842133     
  -44.449379416697482       -12.685866689093753     
  -44.729806358249022       -12.766041981271661     
  -45.010231545302325       -12.846216772709681     
  -45.290654999655509       -12.926391069623666     
  -45.571076742702836       -13.006564878114403     
  -45.851496795444632       -13.086738204170445     
  -46.131915178496897       -13.166911053670837     
  -46.412331912100633       -13.247083432387782     
  -46.692747016130888       -13.327255345989206     
  -46.973160510105515       -13.407426800041261     
  -47.253572413193695       -13.487597800010741     
  -47.533982744224190       -13.567768351267443     
  -47.814391521693352       -13.647938459086438     
  -48.094798763772921       -13.728108128650296     
  -48.375204488317557       -13.808277365051230     
  -48.655608712872194       -13.888446173293190     
  -48.936011454679146       -13.968614558293885     
  -49.216412730685050       -14.048782524886759     
  -49.496812557547571       -14.128950077822907     
  -49.777210951641948       -14.209117221772930     
  -50.057607929067338       -14.289283961328746     
  -50.338003505652985       -14.369450301005349     
  -50.618397696964237       -14.449616245242519     
  -50.898790518308367       -14.529781798406479     
  -51.179181984740246       -14.609946964791517     
  -51.459572111067878       -14.690111748621554     
  -51.739960911857750       -14.770276154051675     
  -52.020348401440074       -14.850440185169617     
  -52.300734593913866       -14.930603845997215     
  -52.581119503151882       -15.010767140491813     
  -52.861503142805454       -15.090930072547637     
  -53.141885526309160       -15.171092645997129     
  -53.422266666885406       -15.251254864612248     
  -53.702646577548855       -15.331416732105733     
  -53.983025271110769       -15.411578252132342     
  -54.263402760183219       -15.491739428290050     
  -54.543779057183201       -15.571900264121219     
  -54.824154174336634       -15.652060763113740     
  -55.104528123682265       -15.732220928702144     
  -55.384900917075463       -15.812380764268687     
  -55.665272566191938       -15.892540273144400     
  -55.945643082531348       -15.972699458610125     
  -56.226012477420809       -16.052858323897510     
  -56.506380762018352       -16.133016872190005     
  -56.786747947316258       -16.213175106623794     
  -57.067114044144326       -16.293333030288739     
  -57.347479063173068       -16.373490646229286     
  -57.627843014916813       -16.453647957445348     
  -57.908205909736743       -16.533804966893179     
  -58.188567757843849       -16.613961677486202     
  -58.468928569301823       -16.694118092095845     
  -58.749288354029879       -16.774274213552339     
  -59.029647121805503       -16.854430044645504     
  -59.310004882267144       -16.934585588125515     
  -59.590361644916840       -17.014740846703646     
  -59.870717419122769       -17.094895823053008     
  -60.151072214121768       -17.175050519809254     
  -60.431426039021773       -17.255204939571282     
  -60.711778902804198       -17.335359084901910     
  -60.992130814326273       -17.415512958328545     
  -61.272481782323325       -17.495666562343832     
  -61.552831815411004       -17.575819899406284     
  -61.833180922087465       -17.655972971940908     
  -62.113529110735485       -17.736125782339812     
  -62.393876389624545       -17.816278332962792     
  -62.674222766912870       -17.896430626137917     
  -62.954568250649409       -17.976582664162091     
  -63.234912848775778       -18.056734449301608     
  -63.515256569128169       -18.136885983792695     
  -63.795599419439199       -18.217037269842038     
  -64.075941407339727       -18.297188309627309     
  -64.356282540360638       -18.377339105297661     
  -64.636622825934580       -18.457489658974232     
  -64.916962271397679       -18.537639972750625     
  -65.197300883991176       -18.617790048693386     
  -65.477638670863072       -18.697939888842470     
  -65.757975639069713       -18.778089495211685     
  -66.038311795577371       -18.858238869789151     
  -66.318647147263746       -18.938388014537725     
  -66.598981700919481       -19.018536931395435     
  -66.879315463249611       -19.098685622275887     
  -67.159648440875017       -19.178834089068687     
  -67.439980640333800       -19.258982333639828     
  -67.720312068082677       -19.339130357832090     
  -68.000642730498313       -19.419278163465417     
  -68.280972633878662       -19.499425752337302     
  -68.561301784444225       -19.579573126223146     
  -68.841630188339337       -19.659720286876620     
  -69.121957851633397       -19.739867236030022     
  -69.402284780322077       -19.820013975394623     
  -69.682610980328519       -19.900160506661003     
  -69.962936457504512       -19.980306831499384     
  -70.243261217631613       -20.060452951559956     
  -70.523585266422288       -20.140598868473198     
  -70.803908609520974       -20.220744583850188     
  -71.084231252505191       -20.300890099282906     
  -71.364553200886590       -20.381035416344545     
  -71.644874460111964       -20.461180536589801     
  -71.925195035564272       -20.541325461555154     
  -72.205514932563645       -20.621470192759162     
  -72.485834156368355       -20.701614731702737     
  -72.766152712175767       -20.781759079869410     
  -73.046470605123275       -20.861903238725610     
  -73.326787840289214       -20.942047209720915     
  -73.607104422693780       -21.022190994288312     
  -73.887420357299902       -21.102334593844457     
  -74.167735649014105       -21.182478009789911     
  -74.448050302687378       -21.262621243509390     
  -74.728364323115997       -21.342764296372003     
  -75.008677715042353       -21.422907169731481     
  -75.288990483155757       -21.503049864926410     
  -75.569302632093212       -21.583192383280458     
  -75.849614166440205       -21.663334726102594     
  -76.129925090731462       -21.743476894687301     
  -76.410235409451687       -21.823618890314794     
  -76.690545127036316       -21.903760714251227     
  -76.970854247872211       -21.983902367748900     
  -77.251162776298386       -22.064043852046456     
  -77.531470716606691       -22.144185168369084     
  -77.811778073042490       -22.224326317928710     
  -78.092084849805346       -22.304467301924191     
  -78.372391051049661       -22.384608121541497     
  -78.652696680885327       -22.464748777953901     
  -78.933001743378369       -22.544889272322152     
  -79.213306242551553       -22.625029605794662     
  -79.493610182384998       -22.705169779507674     
  -79.773913566816788       -22.785309794585434     
  -80.054216399743552       -22.865449652140359     
  -80.334518685021052       -22.945589353273210     
  -80.614820426464746       -23.025728899073240     
  -80.895121627850344       -23.105868290618368     
  -81.175422292914376       -23.186007528975328     
  -81.455722425354708       -23.266146615199823     
  -81.736022028831087       -23.346285550336678     
  -82.016321106965677       -23.426424335419991     
  -82.296619663343535       -23.506562971473279     
  -82.576917701513153       -23.586701459509619     
  -82.857215224986945       -23.666839800531790     
  -83.137512237241708       -23.746977995532415     
  -83.417808741719142       -23.827116045494094     
  -83.698104741826299       -23.907253951389542     
  -83.978400240936040       -23.987391714181719     
  -84.258695242387503       -24.067529334823959     
  -84.538989749486547       -24.147666814260106     
  -84.819283765506199       -24.227804153424625     
  -85.099577293687076       -24.307941353242740     
  -85.379870337237818       -24.388078414630545     
  -85.660162899335518       -24.468215338495131     
  -85.940454983126116       -24.548352125734699     
  -86.220746591724804       -24.628488777238676     
  -86.501037728216446       -24.708625293887835     
  -86.781328395655947       -24.788761676554401     
  -87.061618597068673       -24.868897926102161     
  -87.341908335450782       -24.949034043386575     
  -87.622197613769643       -25.029170029254882     
  -87.902486434964189       -25.109305884546202     
  -88.182774801945271       -25.189441610091649     
  -88.463062717596017       -25.269577206714420     
  -88.743350184772183       -25.349712675229902     
  -89.023637206302510       -25.429848016445774     
  -89.303923784989053       -25.509983231162096     
  -89.584209923607517       -25.590118320171406     
  -89.864495624907590       -25.670253284258820     
  -90.144780891613266       -25.750388124202118     
  -90.425065726423156       -25.830522840771838     
  -90.705350132010807       -25.910657434731366     
  -90.985634111025021       -25.990791906837021     
  -91.265917666090147       -26.070926257838146     
  -91.546200799806385       -26.151060488477192     
  -91.826483514750095       -26.231194599489804     
  -92.106765813474070       -26.311328591604898     
  -92.387047698507828       -26.391462465544748     
  -92.667329172357881       -26.471596222025070     
  -92.947610237508044       -26.551729861755092     
  -93.227890896419680       -26.631863385437637     
  -93.508171151531982       -26.711996793769199     
  -93.788451005262246       -26.792130087440022     
  -94.068730460006108       -26.872263267134173     
  -94.349009518137819       -26.952396333529613     
  -94.629288182010512       -27.032529287298271     
  -94.909566453956415       -27.112662129106113     
  -95.189844336287138       -27.192794859613215     
  -95.470121831293881       -27.272927479473836     
  -95.750398941247710       -27.353059989336479     
  -96.030675668399752       -27.433192389843963     
  -96.310952014981453       -27.513324681633488     
  -96.591227983204817       -27.593456865336698     
  -96.871503575262594       -27.673588941579748     
  -97.151778793328532       -27.753720910983368     
  -97.432053639557594       -27.833852774162924     
  -97.712328116086155       -27.913984531728477     
  -97.992602225032243       -27.994116184284849     
  -98.272875968495725       -28.074247732431679     
  -98.553149348558520       -28.154379176763488     
  -98.833422367284811       -28.234510517869730     
  -99.113695026721246       -28.314641756334851     
  -99.393967328897119       -28.394772892738349     
  -99.674239275824590       -28.474903927654825     
  -99.954510869498861       -28.555034861654043     
  -100.23478211189837       -28.635165695300980     
  -100.51505300498498       -28.715296429155881     
  -100.79532355070415       -28.795427063774312     
  -101.07559375098515       -28.875557599707214     
  -101.35586360774118       -28.955688037500948     
  -101.63613312286964       -29.035818377697353     
  -101.91640229825221       -29.115948620833791     
  -102.19667113575508       -29.196078767443197     
  -102.47693963722911       -29.276208818054130     
  -102.75720780450997       -29.356338773190817     
  -103.03747563941836       -29.436468633373202     
  -103.31774314376011       -29.516598399116994     
  -103.59801031932639       -29.596728070933707     
  -103.87827716789384       -29.676857649330717     
  -104.15854369122474       -29.756987134811293     
  -104.43880989106714       -29.837116527874652     
  -104.71907576915505       -29.917245829015997     
  -104.99934132720860       -29.997375038726556     
  -105.27960656693411       -30.077504157493635     
  -105.55987149002431       -30.157633185800652     
  -105.84013609815847       -30.237762124127180     
  -106.12040039300253       -30.317890972948987     
  -106.40066437620924       -30.398019732738081     
  -106.68092804941830       -30.478148403962741     
  -106.96119141425652       -30.558276987087563     
  -107.24145447233792       -30.638405482573496     
  -107.52171722526388       -30.718533890877882     
  -107.80197967462328       -30.798662212454488     
  -108.08224182199261       -30.878790447753548     
  -108.36250366893611       -30.958918597221803     
  -108.64276521700592       -31.039046661302528     
  -108.92302646774215       -31.119174640435574     
  -109.20328742267306       -31.199302535057402     
  -109.48354808331513       -31.279430345601117     
  -109.76380845117322       -31.359558072496501     
  -110.04406852774068       -31.439685716170050     
  -110.32432831449945       -31.519813277045007     
  -110.60458781292022       -31.599940755541393     
  -110.88484702446246       -31.680068152076043     
  -111.16510595057463       -31.760195467062630     
  -111.44536459269422       -31.840322700911706     
  -111.72562295224790       -31.920449854030732     
  -112.00588103065161       -32.000576926824102     
  -112.28613882931066       -32.080703919693185     
  -112.56639634961986       -32.160830833036343     
  -112.84665359296363       -32.240957667248971     
  -113.12691056071607       -32.321084422723523     
  -113.40716725424107       -32.401211099849533     
  -113.68742367489244       -32.481337699013658     
  -113.96767982401397       -32.561464220599696     
  -114.24793570293954       -32.641590664988620     
  -114.52819131299324       -32.721717032558601     
  -114.80844665548945       -32.801843323685041     
  -115.08870173173291       -32.881969538740591     
  -115.36895654301888       -32.962095678095189     
  -115.64921109063316       -33.042221742116077     
  -115.92946537585222       -33.122347731167828     
  -116.20971939994327       -33.202473645612379     
  -116.48997316416438       -33.282599485809051     
  -116.77022666976455       -33.362725252114579     
  -117.05047991798378       -33.442850944883126     
  -117.33073291005317       -33.522976564466319     
  -117.61098564719502       -33.603102111213268     
  -117.89123813062291       -33.683227585470590     
  -118.17149036154174       -33.763352987582437     
  -118.45174234114788       -33.843478317890508     
  -118.73199407062920       -33.923603576734088     
  -119.01224555116517       -34.003728764450052     
  -119.29249678392692       -34.083853881372910     
  -119.57274777007737       -34.163978927834812     
  -119.85299851077124       -34.244103904165570     
  -120.13324900715519       -34.324228810692695     
  -120.41349926036781       -34.404353647741402     
  -120.69374927153982       -34.484478415634648     
  -120.97399904179399       -34.564603114693135     
  -121.25424857224536       -34.644727745235336     
  -121.53449786400121       -34.724852307577528     
  -121.81474691816119       -34.804976802033799     
  -122.09499573581735       -34.885101228916071     
  -122.37524431805423       -34.965225588534118     
  -122.65549266594893       -35.045349881195591     
  -122.93574078057117       -35.125474107206038     
  -123.21598866298336       -35.205598266868918     
  -123.49623631424069       -35.285722360485615     
  -123.77648373539114       -35.365846388355472     
  -124.05673092747560       -35.445970350775802     
  -124.33697789152791       -35.526094248041900     
  -124.61722462857492       -35.606218080447071     
  -124.89747113963655       -35.686341848282645     
  -125.17771742572589       -35.766465551837989     
  -125.45796348784920       -35.846589191400533     
  -125.73820932700602       -35.926712767255779     
  -126.01845494418922       -36.006836279687320     
  -126.29870034038503       -36.086959728976865     
  -126.57894551657313       -36.167083115404253     
  -126.85919047372671       -36.247206439247464     
  -127.13943521281251       -36.327329700782634     
  -127.41967973479089       -36.407452900284078     
  -127.69992404061585       -36.487576038024301     
  -127.98016813123516       -36.567699114274021     
  -128.26041200759033       -36.647822129302170     
  -128.54065567061673       -36.727945083375928     
  -128.82089912124360       -36.808067976760732     
  -129.10114236039414       -36.888190809720278     
  -129.38138538898551       -36.968313582516558     
  -129.66162820792894       -37.048436295409857     
  -129.94187081812976       -37.128558948658778     
  -130.22211322048742       -37.208681542520246     
  -130.50235541589561       -37.288804077249537     
  -130.78259740524223       -37.368926553100280     
  -131.06283918940952       -37.449048970324476     
  -131.34308076927402       -37.529171329172513     
  -131.62332214570671       -37.609293629893180     
  -131.90356331957295       -37.689415872733676     
  -132.18380429173266       -37.769538057939627     
  -132.46404506304023       -37.849660185755098     
  -132.74428563434469       -37.929782256422605     
  -133.02452600648965       -38.009904270183135     
  -133.30476618031341       -38.090026227276148     
  -133.58500615664900       -38.170148127939598     
  -133.86524593632421       -38.250269972409946     
  -134.14548552016163       -38.330391760922168     
  -134.42572490897868       -38.410513493709765     
  -134.70596410358769       -38.490635171004783     
  -134.98620310479595       -38.570756793037823     
  -135.26644191340569       -38.650878360038050     
  -135.54668053021416       -38.730999872233205     
  -135.82691895601369       -38.811121329849620     
  -136.10715719159168       -38.891242733112222     
  -136.38739523773071       -38.971364082244556     
  -136.66763309520852       -39.051485377468786     
  -136.94787076479804       -39.131606619005716     
  -137.22810824726753       -39.211727807074794     
  -137.50834554338047       -39.291848941894131     
  -137.78858265389573       -39.371970023680497     
  -138.06881957956753       -39.452091052649344     
  -138.34905632114550       -39.532212029014815     
  -138.62929287937473       -39.612332952989753     
  -138.90952925499579       -39.692453824785709     
  -139.18976544874477       -39.772574644612952     
  -139.47000146135332       -39.852695412680490     
  -139.75023729354868       -39.932816129196070     
  -140.03047294605372       -40.012936794366190     
  -140.31070841958697       -40.093057408396113     
  -140.59094371486268       -40.173177971489871     
  -140.87117883259080       -40.253298483850273     
  -141.15141377347709       -40.333418945678922     
  -141.43164853822307       -40.413539357176226     
  -141.71188312752611       -40.493659718541394     
  -141.99211754207943       -40.573780029972461     
  -142.27235178257217       -40.653900291666289     
  -142.55258584968939       -40.734020503818584     
  -142.83281974411213       -40.814140666623892     
  -143.11305346651739       -40.894260780275616     
  -143.39328701757822       -40.974380844966021     
  -143.67352039796373       -41.054500860886250     
  -143.95375360833910       -41.134620828226332     
  -144.23398664936565       -41.214740747175185     
  -144.51421952170085       -41.294860617920627     
  -144.79445222599833       -41.374980440649381     
  -145.07468476290794       -41.455100215547091     
  -145.35491713307576       -41.535219942798321     
  -145.63514933714413       -41.615339622586575     
  -145.91538137575171       -41.695459255094299     
  -146.19561324953347       -41.775578840502881     
  -146.47584495912071       -41.855698378992678     
  -146.75607650514112       -41.935817870743001     
  -147.03630788821883       -42.015937315932149     
  -147.31653910897435       -42.096056714737394     
  -147.59677016802470       -42.176176067334993     
  -147.87700106598336       -42.256295373900208     
  -148.15723180346035       -42.336414634607301     
  -148.43746238106220       -42.416533849629552     
  -148.71769279939204       -42.496653019139252     
  -148.99792305904955       -42.576772143307728     
  -149.27815316063109       -42.656891222305340     
  -149.55838310472961       -42.737010256301481     
  -149.83861289193476       -42.817129245464599     
  -150.11884252283286       -42.897248189962198     
  -150.39907199800697       -42.977367089960850     
  -150.67930131803689       -43.057485945626190     
  -150.95953048349918       -43.137604757122929     
  -151.23975949496719       -43.217723524614868     
  -151.51998835301109       -43.297842248264892     
  -151.80021705819789       -43.377960928234984     
  -152.08044561109145       -43.458079564686230     
  -152.36067401225253       -43.538198157778830     
  -152.64090226223880       -43.618316707672101     
  -152.92113036160484       -43.698435214524480     
  -153.20135831090221       -43.778553678493537     
  -153.48158611067944       -43.858672099735983     
  -153.76181376148207       -43.938790478407661     
  -154.04204126385264       -44.018908814663568     
  -154.32226861833072       -44.099027108657857     
  -154.60249582545296       -44.179145360543842     
  -154.88272288575308       -44.259263570474005     
  -155.16294979976192       -44.339381738599997     
  -155.44317656800743       -44.419499865072652     
  -155.72340319101474       -44.499617950041987     
  -156.00362966930612       -44.579735993657209     
  -156.28385600340104       -44.659853996066722     
  -156.56408219381618       -44.739971957418135     
  -156.84430824106542       -44.820089877858258     
  -157.12453414565991       -44.900207757533124     
  -157.40475990810808       -44.980325596587981     
  -157.68498552891560       -45.060443395167304     
  -157.96521100858550       -45.140561153414801     
  -158.24543634761810       -45.220678871473410     
  -158.52566154651109       -45.300796549485312     
  -158.80588660575950       -45.380914187591934     
  -159.08611152585576       -45.461031785933955     
  -159.36633630728969       -45.541149344651316     
  -159.64656095054852       -45.621266863883221     
  -159.92678545611693       -45.701384343768133     
  -160.20700982447704       -45.781501784443797     
  -160.48723405610846       -45.861619186047228     
  -160.76745815148828       -45.941736548714729     
  -161.04768211109109       -46.021853872581893     
  -161.32790593538900       -46.101971157783602     
  -161.60812962485167       -46.182088404454035     
  -161.88835317994634       -46.262205612726675     
  -162.16857660113777       -46.342322782734314     
  -162.44879988888837       -46.422439914609058     
  -162.72902304365815       -46.502557008482320     
  -163.00924606590470       -46.582674064484848     
  -163.28946895608331       -46.662791082746708     
  -163.56969171464689       -46.742908063397294     
  -163.84991434204605       -46.823025006565345     
  -164.13013683872907       -46.903141912378935     
  -164.41035920514196       -46.983258780965485     
  -164.69058144172840       -47.063375612451765     
  -164.97080354892987       -47.143492406963894     
  -165.25102552718556       -47.223609164627355     
  -165.53124737693244       -47.303725885566990     
  -165.81146909860524       -47.383842569907010     
  -166.09169069263652       -47.463959217770991     
  -166.37191215945663       -47.544075829281887     
  -166.65213349949377       -47.624192404562031     
  -166.93235471317396       -47.704308943733146     
  -167.21257580092112       -47.784425446916337     
  -167.49279676315697       -47.864541914232099     
  -167.77301760030119       -47.944658345800320     
  -168.05323831277127       -48.024774741740295     
  -168.33345890098269       -48.104891102170718     
  -168.61367936534882       -48.185007427209698     
  -168.89389970628096       -48.265123716974749     
  -169.17411992418840       -48.345239971582807     
  -169.45434001947839       -48.425356191150222     
  -169.73455999255614       -48.505472375792763     
  -170.01477984382487       -48.585588525625631     
  -170.29499957368580       -48.665704640763458     
  -170.57521918253818       -48.745820721320314     
  -170.85543867077928       -48.825936767409701     
  -171.13565803880442       -48.906052779144567     
  -171.41587728700699       -48.986168756637305     
  -171.69609641577844       -49.066284699999763     
  -171.97631542550832       -49.146400609343232     
  -172.25653431658426       -49.226516484778465     
  -172.53675308939202       -49.306632326415674     
  -172.81697174431545       -49.386748134364531     
  -173.09719028173657       -49.466863908734183     
  -173.37740870203552       -49.546979649633236     
  -173.65762700559063       -49.627095357169779     
  -173.93784519277835       -49.707211031451372     
  -174.21806326397336       -49.787326672585060     
  -174.49828121954849       -49.867442280677373     
  -174.77849905987480       -49.947557855834326     
  -175.05871678532159       -50.027673398161426     
  -175.33893439625635       -50.107788907763670     
  -175.61915189304480       -50.187904384745558     
  -175.89936927605095       -50.268019829211084     
  -176.17958654563705       -50.348135241263755     
  -176.45980370216361       -50.428250621006569     
  -176.74002074598945       -50.508365968542044     
  -177.02023767747167       -50.588481283972214     
  -177.30045449696567       -50.668596567398623     
  -177.58067120482519       -50.748711818922338     
  -177.86088780140227       -50.828827038643944     
  -178.14110428704731       -50.908942226663548     
  -178.42132066210905       -50.989057383080791     
  -178.70153692693458       -51.069172507994843     
  -178.98175308186936       -51.149287601504412     
  -179.26196912725723       -51.229402663707738     
  -179.54218506344043       -51.309517694702599     
  -179.82240089075958       -51.389632694586318     
  -180.10261660955371       -51.469747663455763     
  -180.38283222016025       -51.549862601407355     
  -180.66304772291511       -51.629977508537060     
  -180.94326311815260       -51.710092384940396     
  -181.22347840620549       -51.790207230712447     
  -181.50369358740500       -51.870322045947852     
  -181.78390866208085       -51.950436830740806     
  -182.06412363056120       -52.030551585185073     
  -182.34433849317270       -52.110666309373990     
  -182.62455325024050       -52.190781003400453     
  -182.90476790208825       -52.270895667356939     
  -183.18498244903813       -52.351010301335499     
  -183.46519689141084       -52.431124905427758     
  -183.74541122952559       -52.511239479724928     
  -184.02562546370012       -52.591354024317802     
  -184.30583959425078       -52.671468539296754     
  -184.58605362149243       -52.751583024751753     
  -184.86626754573848       -52.831697480772348     
  -185.14648136730096       -52.911811907447692     
  -185.42669508649047       -52.991926304866531     
  -185.70690870361619       -53.072040673117208     
  -185.98712221898592       -53.152155012287665     
  -186.26733563290605       -53.232269322465449     
  -186.54754894568163       -53.312383603737707     
  -186.82776215761626       -53.392497856191198     
  -187.10797526901226       -53.472612079912295     
  -187.38818828017054       -53.552726274986973     
  -187.66840119139067       -53.632840441500832     
  -187.94861400297088       -53.712954579539087     
  -188.22882671520807       -53.793068689186562     
  -188.50903932839782       -53.873182770527713     
  -188.78925184283437       -53.953296823646617     
  -189.06946425881068       -54.033410848626978     
  -189.34967657661841       -54.113524845552128     
  -189.62988879654787       -54.193638814505029     
  -189.91010091888816       -54.273752755568275     
  -190.19031294392707       -54.353866668824089     
  -190.47052487195111       -54.433980554354342     
  -190.75073670324554       -54.514094412240539     
  -191.03094843809433       -54.594208242563823     
  -191.31116007678023       -54.674322045404985     
  -191.59137161958475       -54.754435820844456     
  -191.87158306678816       -54.834549568962316     
  -192.15179441866951       -54.914663289838295     
  -192.43200567550662       -54.994776983551773     
  -192.71221683757608       -55.074890650181793     
  -192.99242790515331       -55.155004289807039     
  -193.27263887851251       -55.235117902505863     
  -193.55284975792671       -55.315231488356275     
  -193.83306054366773       -55.395345047435946     
  -194.11327123600623       -55.475458579822202     
  -194.39348183521167       -55.555572085592047     
  -194.67369234155237       -55.635685564822147     
  -194.95390275529547       -55.715799017588836     
  -195.23411307670699       -55.795912443968120     
  -195.51432330605178       -55.876025844035681     
  -195.79453344359356       -55.956139217866870     
  -196.07474348959494       -56.036252565536714     
  -196.35495344431737       -56.116365887119926     
  -196.63516330802122       -56.196479182690894     
  -196.91537308096571       -56.276592452323690     
  -197.19558276340896       -56.356705696092071     
  -197.47579235560801       -56.436818914069477     
  -197.75600185781877       -56.516932106329037     
  -198.03621127029612       -56.597045272943575     
  -198.31642059329383       -56.677158413985595     
  -198.59662982706456       -56.757271529527301     
  -198.87683897185997       -56.837384619640595     
  -199.15704802793059       -56.917497684397070     
  -199.43725699552593       -56.997610723868014     
  -199.71746587489446       -57.077723738124419     
  -199.99767466628356       -57.157836727236976     
  -200.27788336993962       -57.237949691276086     
  -200.55809198610797       -57.318062630311850     
  -200.83830051503290       -57.398175544414073     
  -201.11850895695770       -57.478288433652274     
  -201.39871731212463       -57.558401298095674     
  -201.67892558077497       -57.638514137813210     
  -201.95913376314897       -57.718626952873528     
  -202.23934185948588       -57.798739743344996     
  -202.51954987002395       -57.878852509295690     
  -202.79975779500046       -57.958965250793412     
  -203.07996563465170       -58.039077967905676     
  -203.36017338921297       -58.119190660699722     
  -203.64038105891862       -58.199303329242504     
  -203.92058864400201       -58.279415973600706     
  -204.20079614469554       -58.359528593840736     
  -204.48100356123069       -58.439641190028730     
  -204.76121089383795       -58.519753762230557     
  -205.04141814274686       -58.599866310511807     
  -205.32162530818604       -58.679978834937806     
  -205.60183239038318       -58.760091335573613     
  -205.88203938956502       -58.840203812484013     
  -206.16224630595738       -58.920316265733540     
  -206.44245313978519       -59.000428695386454     
  -206.72265989127243       -59.080541101506761     
  -207.00286656064216       -59.160653484158203     
  -207.28307314811656       -59.240765843404269     
  -207.56327965391691       -59.320878179308181     
  -207.84348607826360       -59.400990491932909     
  -208.12369242137609       -59.481102781341171     
  -208.40389868347299       -59.561215047595432     
  -208.68410486477202       -59.641327290757900     
  -208.96431096549003       -59.721439510890541     
  -209.24451698584298       -59.801551708055065     
  -209.52472292604597       -59.881663882312935     
  -209.80492878631324       -59.961776033725371     
  -210.08513456685819       -60.041888162353345     
  -210.36534026789334       -60.122000268257587     
  -210.64554588963040       -60.202112351498585     
  -210.92575143228018       -60.282224412136586     
  -211.20595689605267       -60.362336450231595     
  -211.48616228115705       -60.442448465843377     
  -211.76636758780165       -60.522560459031460     
  -212.04657281619399       -60.602672429855140     
  -212.32677796654073       -60.682784378373476     
  -212.60698303904775       -60.762896304645295     
  -212.88718803392007       -60.843008208729188     
  -213.16739295136196       -60.923120090683511     
  -213.44759779157684       -61.003231950566402     
  -213.72780255476735       -61.083343788435762     
  -214.00800724113535       -61.163455604349267     
  -214.28821185088185       -61.243567398364362     
  -214.56841638420713       -61.323679170538277     
  -214.84862084131066       -61.403790920928003     
  -215.12882522239116       -61.483902649590320     
  -215.40902952764651       -61.564014356581779     
  -215.68923375727388       -61.644126041958721     
  -215.96943791146964       -61.724237705777256     
  -216.24964199042941       -61.804349348093282     
  -216.52984599434805       -61.884460968962479     
  -216.81004992341965       -61.964572568440310     
  -217.09025377783757       -62.044684146582028     
  -217.37045755779440       -62.124795703442665     
  -217.65066126348196       -62.204907239077045     
  -217.93086489509139       -62.285018753539774     
  -218.21106845281307       -62.365130246885258     
  -218.49127193683663       -62.445241719167683     
  -218.77147534735099       -62.525353170441036     
  -219.05167868454433       -62.605464600759092     
  -219.33188194860412       -62.685576010175417     
  -219.61208513971712       -62.765687398743374     
  -219.89228825806936       -62.845798766516126     
  -220.17249130384616       -62.925910113546628     
  -220.45269427723215       -63.006021439887633     
  -220.73289717841124       -63.086132745591691     
  -221.01310000756663       -63.166244030711162     
  -221.29330276488085       -63.246355295298201     
  -221.57350545053572       -63.326466539404763     
  -221.85370806471238       -63.406577763082602     
  -222.13391060759128       -63.486688966383284     
  -222.41411307935218       -63.566800149358180     
  -222.69431548017417       -63.646911312058464     
  -222.97451781023565       -63.727022454535117     
  -223.25472006971438       -63.807133576838929     
  -223.53492225878742       -63.887244679020498     
  -223.81512437763115       -63.967355761130229     
  -224.09532642642134       -64.047466823218343     
  -224.37552840533306       -64.127577865334885     
  -224.65573031454073       -64.207688887529685     
  -224.93593215421814       -64.287799889852394     
  -225.21613392453841       -64.367910872352496     
  -225.49633562567402       -64.448021835079274     
  -225.77653725779680       -64.528132778081826     
  -226.05673882107797       -64.608243701409080     
  -226.33694031568808       -64.688354605109765     
  -226.61714174179707       -64.768465489232440     
  -226.89734309957421       -64.848576353825493     
  -227.17754438918820       -64.928687198937112     
  -227.45774561080708       -65.008798024615331     
  -227.73794676459826       -65.088908830907982     
  -228.01814785072858       -65.169019617862745     
  -228.29834886936422       -65.249130385527096     
  -228.57854982067076       -65.329241133948358     
  -228.85875070481316       -65.409351863173669     
  -229.13895152195582       -65.489462573250009     
  -229.41915227226249       -65.569573264224175     
  -229.69935295589636       -65.649683936142793     
  -229.97955357301998       -65.729794589052318     
  -230.25975412379535       -65.809905222999035     
  -230.53995460838382       -65.890015838029058     
  -230.82015502694620       -65.970126434188330     
  -231.10035537964268       -66.050237011522640     
  -231.38055566663292       -66.130347570077603     
  -231.66075588807595       -66.210458109898667     
  -231.94095604413027       -66.290568631031121     
  -232.22115613495376       -66.370679133520085     
  -232.50135616070375       -66.450789617410521     
  -232.78155612153699       -66.530900082747223     
  -233.06175601760970       -66.611010529574827     
  -233.34195584907746       -66.691120957937798     
  -233.62215561609537       -66.771231367880446     
  -233.90235531881794       -66.851341759446925     
  -234.18255495739913       -66.931452132681230     
  -234.46275453199235       -67.011562487627202     
  -234.74295404275043       -67.091672824328526     
  -235.02315348982569       -67.171783142828716     
  -235.30335287336990       -67.251893443171141     
  -235.58355219353427       -67.332003725399019     
  -235.86375145046949       -67.412113989555408     
  -236.14395064432571       -67.492224235683210     
  -236.42414977525254       -67.572334463825186     
  -236.70434884339906       -67.652444674023940     
  -236.98454784891382       -67.732554866321919     
  -237.26474679194484       -67.812665040761416     
  -237.54494567263961       -67.892775197384580     
  -237.82514449114512       -67.972885336233418     
  -238.10534324760783       -68.052995457349780     
  -238.38554194217369       -68.133105560775377     
  -238.66574057498809       -68.213215646551760     
  -238.94593914619597       -68.293325714720339     
  -239.22613765594173       -68.373435765322384     
  -239.50633610436927       -68.453545798399020     
  -239.78653449162198       -68.533655813991217     
  -240.06673281784276       -68.613765812139803     
  -240.34693108317401       -68.693875792885478     
  -240.62712928775761       -68.773985756268786     
  -240.90732743173496       -68.854095702330127     
  -241.18752551524696       -68.934205631109776     
  -241.46772353843403       -69.014315542647850     
  -241.74792150143608       -69.094425436984338     
  -242.02811940439256       -69.174535314159087     
  -242.30831724744240       -69.254645174211802     
  -242.58851503072410       -69.334755017182061     
  -242.86871275437565       -69.414864843109299     
  -243.14891041853457       -69.494974652032809     
  -243.42910802333790       -69.575084443991756     
  -243.70930556892222       -69.655194219025162     
  -243.98950305542360       -69.735303977171924     
  -244.26970048297767       -69.815413718470793     
  -244.54989785171961       -69.895523442960396     
  -244.83009516178410       -69.975633150679229     
  -245.11029241330539       -70.055742841665648     
  -245.39048960641725       -70.135852515957879     
  -245.67068674125301       -70.215962173594022     
  -245.95088381794551       -70.296071814612048     
  -246.23108083662717       -70.376181439049802     
  -246.51127779742995       -70.456291046944983     
  -246.79147470048537       -70.536400638335181     
  -247.07167154592446       -70.616510213257840     
  -247.35186833387786       -70.696619771750292     
  -247.63206506447571       -70.776729313849728     
  -247.91226173784776       -70.856838839593223     
  -248.19245835412329       -70.936948349017726     
  -248.47265491343114       -71.017057842160057     
  -248.75285141589973       -71.097167319056908     
  -249.03304786165702       -71.177276779744858     
  -249.31324425083059       -71.257386224260358     
  -249.59344058354756       -71.337495652639731     
  -249.87363685993461       -71.417605064919186     
  -250.15383308011801       -71.497714461134805     
  -250.43402924422358       -71.577823841322541     
  -250.71422535237676       -71.657933205518233     
  -250.99442140470254       -71.738042553757609     
  -251.27461740132549       -71.818151886076265     
  -251.55481334236978       -71.898261202509687     
  -251.83500922795918       -71.978370503093245     
  -252.11520505821701       -72.058479787862183     
  -252.39540083326622       -72.138589056851629     
  -252.67559655322930       -72.218698310096585     
  -252.95579221822834       -72.298807547631952     
  -253.23598782838508       -72.378916769492506     
  -253.51618338382079       -72.459025975712919     
  -253.79637888465638       -72.539135166327739     
  -254.07657433101235       -72.619244341371399     
  -254.35676972300880       -72.699353500878217     
  -254.63696506076542       -72.779462644882400     
  -254.91716034440154       -72.859571773418040     
  -255.19735557403604       -72.939680886519113     
  -255.47755074978747       -73.019789984219500     
  -255.75774587177395       -73.099899066552950     
  -256.03794094011323       -73.180008133553116     
  -256.31813595492264       -73.260117185253534     
  -256.59833091631918       -73.340226221687644     
  -256.87852582441946       -73.420335242888754     
  -257.15872067933964       -73.500444248890076     
  -257.43891548119558       -73.580553239724708     
  -257.71911023010273       -73.660662215425646     
  -257.99930492617614       -73.740771176025774     
  -258.27949956953051       -73.820880121557877     
  -258.55969416028017       -73.900989052054626     
  -258.83988869853908       -73.981097967548578     
  -259.12008318442082       -74.061206868072190     
  -259.40027761803861       -74.141315753657821     
  -259.68047199950530       -74.221424624337715     
  -259.96066632893337       -74.301533480144016     
  -260.24086060643498       -74.381642321108771     
  -260.52105483212188       -74.461751147263925     
  -260.80124900610542       -74.541859958641311     
  -261.08144312849669       -74.621968755272661     
  -261.36163719940635       -74.702077537189609     
  -261.64183121894473       -74.782186304423675     
  -261.92202518722183       -74.862295057006293     
  -262.20221910434725       -74.942403794968783     
  -262.48241297043023       -75.022512518342381     
  -262.76260678557969       -75.102621227158210     
  -263.04280054990420       -75.182729921447290     
  -263.32299426351199       -75.262838601240560     
  -263.60318792651094       -75.342947266568842     
  -263.88338153900861       -75.423055917462861     
  -264.16357510111220       -75.503164553953255     
  -264.44376861292852       -75.583273176070563     
  -264.72396207456410       -75.663381783845225     
  -265.00415548612511       -75.743490377307580     
  -265.28434884771741       -75.823598956487871     
  -265.56454215944649       -75.903707521416251     
  -265.84473542141751       -75.983816072122778     
  -266.12492863373529       -76.063924608637407     
  -266.40512179650437       -76.144033130990010     
  -266.68531490982889       -76.224141639210345     
  -266.96550797381269       -76.304250133328097     
  -267.24570098855929       -76.384358613372854     
  -267.52589395417192       -76.464467079374103     
  -267.80608687075346       -76.544575531361247     
  -268.08627973840646       -76.624683969363588     
  -268.36647255723312       -76.704792393410344     
  -268.64666532733537       -76.784900803530633     
  -268.92685804881478       -76.865009199753487     
  -269.20705072177259       -76.945117582107841     
  -269.48724334630975       -77.025225950622541     
  -269.76743592252694       -77.105334305326352     
  -270.04762845052448       -77.185442646247949     
  -270.32782093040237       -77.265550973415912     
  -270.60801336226029       -77.345659286858734     
  -270.88820574619768       -77.425767586604820     
  -271.16839808231362       -77.505875872682495     
  -271.44859037070688       -77.585984145119980     
  -271.72878261147594       -77.666092403945413     
  -272.00897480471895       -77.746200649186846     
  -272.28916695053380       -77.826308880872247     
  -272.56935904901803       -77.906417099029497     
  -272.84955110026891       -77.986525303686392     
  -273.12974310438341       -78.066633494870644     
  -273.40993506145816       -78.146741672609878     
  -273.69012697158956       -78.226849836931635     
  -273.97031883487369       -78.306957987863370     
  -274.25051065140633       -78.387066125432455     
  -274.53070242128291       -78.467174249666172     
  -274.81089414459865       -78.547282360591737     
  -275.09108582144847       -78.627390458236263     
  -275.37127745192697       -78.707498542626794     
