   2.9999999999999999E-002  -6.9086479187562215     
   5.9999999999999998E-002  -6.9104213874667915     
   8.9999999999999997E-002  -6.9130655755465709     
  0.12000000000000000       -6.9165720008842388     
  0.14999999999999999       -6.9209337476186228     
  0.17999999999999999       -6.9261454166260137     
  0.20999999999999999       -6.9322030869759024     
  0.23999999999999999       -6.9391042878006584     
  0.27000000000000002       -6.9468479801823957     
  0.29999999999999999       -6.9554345488065588     
  0.32999999999999996       -6.9648658032728141     
  0.35999999999999999       -6.9751449890911754     
  0.39000000000000001       -6.9862768085306293     
  0.41999999999999998       -6.9982674516296228     
  0.44999999999999996       -7.0111246378289236     
  0.47999999999999998       -7.0248576688494140     
  0.51000000000000001       -7.0394774936160038     
  0.54000000000000004       -7.0549967862280720     
  0.56999999999999995       -7.0714300382038537     
  0.59999999999999998       -7.0887936664862892     
  0.63000000000000000       -7.1071061390007939     
  0.65999999999999992       -7.1263881199114003     
  0.68999999999999995       -7.1466626371427191     
  0.71999999999999997       -7.1679552752378921     
  0.75000000000000000       -7.1902943972271931     
  0.78000000000000003       -7.2137113999130733     
  0.80999999999999994       -7.2382410078678614     
  0.83999999999999997       -7.2639216125316359     
  0.87000000000000000       -7.2907956641440199     
  0.89999999999999991       -7.3189101259135052     
  0.92999999999999994       -7.3483170019157162     
  0.95999999999999996       -7.3790739528371674     
  0.98999999999999999       -7.4112450170069026     
   1.0200000000000000       -7.4449014584044892     
   1.0500000000000000       -7.4801227687938603     
   1.0800000000000001       -7.5169978582181134     
   1.1099999999999999       -7.5556264773642967     
   1.1399999999999999       -7.5961209275619375     
   1.1699999999999999       -7.6386081305365767     
   1.2000000000000000       -7.6832321521190501     
   1.2300000000000000       -7.7301573042583431     
   1.2600000000000000       -7.7795719913909540     
   1.2900000000000000       -7.8316935257060436     
   1.3199999999999998       -7.8867742191261669     
   1.3499999999999999       -7.9451091803805962     
   1.3799999999999999       -8.0070464232787781     
   1.4099999999999999       -8.0730001596245593     
   1.4399999999999999       -8.1434685614130675     
   1.4700000000000000       -8.2190579254420744     
   1.5000000000000000       -8.3005162253563309     
   1.5300000000000000       -8.3887807977065965     
   1.5600000000000001       -8.4850479685135980     
   1.5899999999999999       -8.5908779718767843     
   1.6199999999999999       -8.7083590721668003     
   1.6499999999999999       -8.8403761366605682     
   1.6799999999999999       -8.9910752182335152     
   1.7100000000000000       -9.1667256237736670     
   1.7400000000000000       -9.3774734975852070     
   1.7700000000000000       -9.6413893369299934     
   1.7999999999999998       -9.9957342543058552     
   1.8299999999999998       -10.540022958792868     
   1.8599999999999999       -11.789718123820219     
   1.8899999999999999       -11.416214929800608     
   1.9199999999999999       -10.437092117973121     
   1.9500000000000000       -9.9583012614031876     
   1.9800000000000000       -9.6406553385793785     
   2.0099999999999998       -9.4038553172581256     
   2.0400000000000000       -9.2158665888114779     
   2.0699999999999998       -9.0606262206744290     
   2.1000000000000001       -8.9289238063871412     
   2.1299999999999999       -8.8149846648369614     
   2.1600000000000001       -8.7149484752616306     
   2.1899999999999999       -8.6261066919123728     
   2.2199999999999998       -8.5464855273104146     
   2.2500000000000000       -8.4746021086162919     
   2.2799999999999998       -8.4093140911041324     
   2.3100000000000001       -8.3497227898642432     
   2.3399999999999999       -8.2951084861504665     
   2.3700000000000001       -8.2448858795442899     
   2.3999999999999999       -8.1985725974209487     
   2.4299999999999997       -8.1557664226011894     
   2.4600000000000000       -8.1161284944518428     
   2.4899999999999998       -8.0793706968124717     
   2.5200000000000000       -8.0452460400863863     
   2.5499999999999998       -8.0135412233302237     
   2.5800000000000001       -7.9840708093263348     
   2.6099999999999999       -7.9566726105811840     
   2.6399999999999997       -7.9312039964873540     
   2.6699999999999999       -7.9075389097151438     
   2.6999999999999997       -7.8855654347072379     
   2.7300000000000000       -7.8651838003473236     
   2.7599999999999998       -7.8463047272722735     
   2.7900000000000000       -7.8288480511450924     
   2.8199999999999998       -7.8127415686812425     
   2.8500000000000001       -7.7979200648411870     
   2.8799999999999999       -7.7843244884042022     
   2.9099999999999997       -7.7719012498824114     
   2.9399999999999999       -7.7606016209341879     
   2.9699999999999998       -7.7503812184830965     
   3.0000000000000000       -7.7411995599294343     
   3.0299999999999998       -7.7330196783451379     
   3.0600000000000001       -7.7258077885421992     
   3.0899999999999999       -7.7195329965030348     
   3.1200000000000001       -7.7141670459481864     
   3.1499999999999999       -7.7096840968588385     
   3.1799999999999997       -7.7060605316280819     
   3.2100000000000000       -7.7032747852051413     
   3.2399999999999998       -7.7013071961796413     
   3.2700000000000000       -7.7001398762222779     
   3.2999999999999998       -7.6997565957023744     
   3.3300000000000001       -7.7001426836264821     
   3.3599999999999999       -7.7012849403352304     
   3.3899999999999997       -7.7031715616190812     
   3.4199999999999999       -7.7057920731249059     
   3.4499999999999997       -7.7091372741000299     
   3.4800000000000000       -7.7131991896647021     
   3.5099999999999998       -7.7179710309407472     
   3.5400000000000000       -7.7234471624775720     
   3.5699999999999998       -7.7296230765223841     
   3.5999999999999996       -7.7364953737722306     
   3.6299999999999999       -7.7440617503324303     
   3.6599999999999997       -7.7523209906879256     
   3.6899999999999999       -7.7612729665657652     
   3.7199999999999998       -7.7709186416448546     
   3.7500000000000000       -7.7812600821386910     
   3.7799999999999998       -7.7923004733519763     
   3.8100000000000001       -7.8040441423875988     
   3.8399999999999999       -7.8164965872575429     
   3.8699999999999997       -7.8296645127417053     
   3.8999999999999999       -7.8435558734268955     
   3.9299999999999997       -7.8581799244611670     
   3.9600000000000000       -7.8735472806752256     
   3.9899999999999998       -7.8896699848543124     
   4.0199999999999996       -7.9065615860868075     
   4.0499999999999998       -7.9242372292956356     
   4.0800000000000001       -7.9427137572505320     
   4.1099999999999994       -7.9620098266007586     
   4.1399999999999997       -7.9821460397418225     
   4.1699999999999999       -8.0031450946508329     
   4.2000000000000002       -8.0250319552321621     
   4.2299999999999995       -8.0478340451638566     
   4.2599999999999998       -8.0715814688218490     
   4.2900000000000000       -8.0963072635267483     
   4.3200000000000003       -8.1220476882074344     
   4.3499999999999996       -8.1488425545968308     
   4.3799999999999999       -8.1767356083378822     
   4.4100000000000001       -8.2057749689472193     
   4.4399999999999995       -8.2360136395460675     
   4.4699999999999998       -8.2675100997202158     
   4.5000000000000000       -8.3003289979848933     
   4.5300000000000002       -8.3345419642936385     
   4.5599999999999996       -8.3702285681201047     
   4.5899999999999999       -8.4074774542214623     
   4.6200000000000001       -8.4463876967987570     
   4.6499999999999995       -8.4870704241028765     
   4.6799999999999997       -8.5296507806155972     
   4.7100000000000000       -8.5742703142402057     
   4.7400000000000002       -8.6210899035665456     
   4.7699999999999996       -8.6702933783443115     
   4.7999999999999998       -8.7220920394993406     
   4.8300000000000001       -8.7767303604433167     
   4.8599999999999994       -8.8344932600866866     
   4.8899999999999997       -8.8957154973209160     
   4.9199999999999999       -8.9607939750680128     
   4.9500000000000002       -9.0302041062272416     
   4.9799999999999995       -9.1045219641590975     
   5.0099999999999998       -9.1844548579473724     
   5.0400000000000000       -9.2708844952231271     
   5.0699999999999994       -9.3649295121098337     
   5.0999999999999996       -9.4680388337067676     
   5.1299999999999999       -9.5821361195791059     
   5.1600000000000001       -9.7098530032154571     
   5.1899999999999995       -9.8549259238679259     
   5.2199999999999998       -10.022917050108733     
   5.2500000000000000       -10.222640087614970     
   5.2799999999999994       -10.469323904248490     
   5.3099999999999996       -10.792902494409377     
   5.3399999999999999       -11.266439065617069     
   5.3700000000000001       -12.176378290987925     
   5.3999999999999995       -12.946869802011072     
   5.4299999999999997       -11.532829883624569     
   5.4600000000000000       -10.976300989895927     
   5.4900000000000002       -10.625983637131860     
   5.5199999999999996       -10.371174487355100     
   5.5499999999999998       -10.171772769890413     
   5.5800000000000001       -10.008654226819225     
   5.6099999999999994       -9.8711917117275156     
   5.6399999999999997       -9.7528651076887236     
   5.6699999999999999       -9.6493847410804587     
   5.7000000000000002       -9.5577775357660233     
   5.7299999999999995       -9.4758979942864379     
   5.7599999999999998       -9.4021470475890148     
   5.7900000000000000       -9.3353010011501425     
   5.8199999999999994       -9.2744025787997124     
   5.8499999999999996       -9.2186888339989039     
   5.8799999999999999       -9.1675419031092567     
   5.9100000000000001       -9.1204544307780928     
   5.9399999999999995       -9.0770047157978144     
   5.9699999999999998       -9.0368384720860551     
   6.0000000000000000       -8.9996551985982833     
   6.0299999999999994       -8.9651978278285842     
   6.0599999999999996       -8.9332447501014212     
   6.0899999999999999       -8.9036035882416797     
   6.1200000000000001       -8.8761062812657237     
   6.1499999999999995       -8.8506051603924778     
   6.1799999999999997       -8.8269697866300678     
   6.2100000000000000       -8.8050843794954314     
   6.2400000000000002       -8.7848457093510977     
   6.2699999999999996       -8.7661613568497394     
   6.2999999999999998       -8.7489482656512259     
   6.3300000000000001       -8.7331315313623623     
   6.3599999999999994       -8.7186433822070537     
   6.3899999999999997       -8.7054223164412541     
   6.4199999999999999       -8.6934123687580893     
   6.4500000000000002       -8.6825624835332764     
   6.4799999999999995       -8.6728259770736926     
   6.5099999999999998       -8.6641600744429432     
   6.5400000000000000       -8.6565255090984667     
   6.5699999999999994       -8.6498861757107264     
   6.5999999999999996       -8.6442088282258194     
   6.6299999999999999       -8.6394628165936602     
   6.6600000000000001       -8.6356198567029896     
   6.6899999999999995       -8.6326538289474470     
   6.7199999999999998       -8.6305406015905461     
   6.7500000000000000       -8.6292578757030718     
   6.7799999999999994       -8.6287850489399229     
   6.8099999999999996       -8.6291030958481816     
   6.8399999999999999       -8.6301944627340763     
   6.8700000000000001       -8.6320429754198233     
   6.8999999999999995       -8.6346337584573334     
   6.9299999999999997       -8.6379531645820222     
   6.9600000000000000       -8.6419887133548183     
   6.9899999999999993       -8.6467290381169448     
   7.0199999999999996       -8.6521638404821832     
   7.0499999999999998       -8.6582838517368046     
   7.0800000000000001       -8.6650808005925271     
   7.1099999999999994       -8.6725473868404315     
   7.1399999999999997       -8.6806772605364113     
   7.1699999999999999       -8.6894650064025232     
   7.1999999999999993       -8.6989061332117696     
   7.2299999999999995       -8.7089970679777977     
   7.2599999999999998       -8.7197351548253810     
   7.2900000000000000       -8.7311186584808471     
   7.3199999999999994       -8.7431467723654261     
   7.3499999999999996       -8.7558196313346421     
   7.3799999999999999       -8.7691383291604303     
   7.4100000000000001       -8.7831049409080837     
   7.4399999999999995       -8.7977225504197030     
   7.4699999999999998       -8.8129952831826657     
   7.5000000000000000       -8.8289283449222289     
   7.5299999999999994       -8.8455280663445670     
   7.5599999999999996       -8.8628019545353247     
   7.5899999999999999       -8.8807587516200694     
   7.6200000000000001       -8.8994085013912709     
   7.6499999999999995       -8.9187626247487461     
   7.6799999999999997       -8.9388340049345079     
   7.7100000000000000       -8.9596370837134529     
   7.7399999999999993       -8.9811879698548687     
   7.7699999999999996       -9.0035045614967970     
   7.7999999999999998       -9.0266066842553787     
   7.8300000000000001       -9.0505162472715792     
   7.8599999999999994       -9.0752574197782394     
   7.8899999999999997       -9.1008568312382394     
   7.9199999999999999       -9.1273437986872281     
   7.9499999999999993       -9.1547505856026987     
   7.9799999999999995       -9.1831126974548649     
   8.0099999999999998       -9.2124692201543965     
   8.0399999999999991       -9.2428632088725653     
   8.0700000000000003       -9.2743421363170722     
   8.0999999999999996       -9.3069584115105517     
   8.1299999999999990       -9.3407699826368749     
   8.1600000000000001       -9.3758410406616175     
   8.1899999999999995       -9.4122428444680146     
   8.2199999999999989       -9.4500546934142609     
   8.2500000000000000       -9.4893650799286835     
   8.2799999999999994       -9.5302730635006636     
   8.3100000000000005       -9.5728899189715975     
   8.3399999999999999       -9.6173411274078173     
   8.3699999999999992       -9.6637687985412430     
   8.4000000000000004       -9.7123346419568133     
   8.4299999999999997       -9.7632236431252064     
   8.4599999999999991       -9.8166486547368201     
   8.4900000000000002       -9.8728561910453507     
   8.5199999999999996       -9.9321338241986936     
   8.5499999999999989       -9.9948197451381517     
   8.5800000000000001       -10.061315296374808     
   8.6099999999999994       -10.132101658829191     
   8.6400000000000006       -10.207762462629532     
   8.6699999999999999       -10.289015039311668     
   8.6999999999999993       -10.376754608395958     
   8.7300000000000004       -10.472118405930248     
   8.7599999999999998       -10.576581635519814     
   8.7899999999999991       -10.692106299161786     
   8.8200000000000003       -10.821382259532157     
   8.8499999999999996       -10.968238951022167     
   8.8799999999999990       -11.138396983189510     
   8.9100000000000001       -11.340964220322642     
   8.9399999999999995       -11.591785222943049     
   8.9699999999999989       -11.922337922870307     
   9.0000000000000000       -12.410972407279804     
   9.0299999999999994       -13.382032856015885     
   9.0600000000000005       -13.865211705733779     
   9.0899999999999999       -12.589511500249493     
   9.1199999999999992       -12.053454775848824     
   9.1500000000000004       -11.711270988522415     
   9.1799999999999997       -11.460727702712223     
   9.2099999999999991       -11.263863254233042     
   9.2400000000000002       -11.102346523458035     
   9.2699999999999996       -10.965913224217587     
   9.2999999999999989       -10.848233537128092     
   9.3300000000000001       -10.745127862520366     
   9.3599999999999994       -10.653691784150437     
   9.3899999999999988       -10.571825343312101     
   9.4199999999999999       -10.497961293279108     
   9.4499999999999993       -10.430899222133979     
   9.4800000000000004       -10.369699607563696     
   9.5099999999999998       -10.313613560859894     
   9.5399999999999991       -10.262034738970440     
   9.5700000000000003       -10.214465526567801     
   9.5999999999999996       -10.170492689772404     
   9.6299999999999990       -10.129769486138873     
   9.6600000000000001       -10.092002279286737     
   9.6899999999999995       -10.056940362000937     
   9.7199999999999989       -10.024368106921427     
   9.7500000000000000       -9.9940988338452552     
   9.7799999999999994       -9.9659699619867030     
   9.8100000000000005       -9.9398391371271977     
   9.8399999999999999       -9.9155811075746758     
   9.8699999999999992       -9.8930851817666863     
   9.9000000000000004       -9.8722531423792930     
   9.9299999999999997       -9.8529975221829407     
   9.9599999999999991       -9.8352401690848694     
   9.9900000000000002       -9.8189110442918590     
   10.020000000000000       -9.8039472098427041     
   10.049999999999999       -9.7902919710937848     
   10.080000000000000       -9.7778941468666183     
   10.109999999999999       -9.7667074454551397     
   10.139999999999999       -9.7566899289575986     
   10.170000000000000       -9.7478035517429582     
   10.199999999999999       -9.7400137614846827     
   10.230000000000000       -9.7332891533088937     
   10.260000000000000       -9.7276011692586337     
   10.289999999999999       -9.7229238366374382     
   10.320000000000000       -9.7192335398800314     
   10.350000000000000       -9.7165088214893096     
   10.379999999999999       -9.7147302083083336     
   10.410000000000000       -9.7138800599941479     
   10.440000000000000       -9.7139424370593836     
   10.469999999999999       -9.7149029862634713     
   10.500000000000000       -9.7167488414813743     
   10.529999999999999       -9.7194685384732438     
   10.559999999999999       -9.7230519422307982     
   10.590000000000000       -9.7274901857849283     
   10.619999999999999       -9.7327756195556354     
   10.650000000000000       -9.7389017704742251     
   10.680000000000000       -9.7458633102670973     
   10.709999999999999       -9.7536560324088946     
   10.740000000000000       -9.7622768373752091     
   10.770000000000000       -9.7717237259379761     
   10.799999999999999       -9.7819958003476302     
   10.830000000000000       -9.7930932733498697     
   10.859999999999999       -9.8050174850841589     
   10.889999999999999       -9.8177709280142373     
   10.920000000000000       -9.8313572801570963     
   10.949999999999999       -9.8457814469643274     
   10.980000000000000       -9.8610496123588796     
   11.010000000000000       -9.8771692995600677     
   11.039999999999999       -9.8941494424591383     
   11.070000000000000       -9.9120004685051253     
   11.100000000000000       -9.9307343942405346     
   11.129999999999999       -9.9503649348543597     
   11.160000000000000       -9.9709076293818288     
   11.190000000000000       -9.9923799835023708     
   11.219999999999999       -10.014801632230263     
   11.250000000000000       -10.038194525260934     
   11.279999999999999       -10.062583138239873     
   11.309999999999999       -10.087994713856512     
   11.340000000000000       -10.114459537452392     
   11.369999999999999       -10.142011252765853     
   11.400000000000000       -10.170687224596977     
   11.430000000000000       -10.200528956585314     
   11.459999999999999       -10.231582574129092     
   11.490000000000000       -10.263899384646750     
   11.520000000000000       -10.297536530231264     
   11.549999999999999       -10.332557751318095     
   11.580000000000000       -10.369034284529105     
   11.609999999999999       -10.407045923807429     
   11.639999999999999       -10.446682281549545     
   11.670000000000000       -10.488044296600732     
   11.699999999999999       -10.531246049225000     
   11.730000000000000       -10.576416961088510     
   11.760000000000000       -10.623704482485477     
   11.789999999999999       -10.673277402189617     
   11.820000000000000       -10.725329961307557     
   11.850000000000000       -10.780087017529782     
   11.879999999999999       -10.837810598858034     
   11.910000000000000       -10.898808321027511     
   11.940000000000000       -10.963444343072650     
   11.969999999999999       -11.032153838802724     
   12.000000000000000       -11.105462431433075     
   12.029999999999999       -11.184012785599924     
   12.059999999999999       -11.268601773046047     
   12.090000000000000       -11.360233696634829     
   12.119999999999999       -11.460198693111586     
   12.150000000000000       -11.570192116284753     
   12.180000000000000       -11.692503637798543     
   12.209999999999999       -11.830331462494446     
   12.240000000000000       -11.988336360355342     
   12.270000000000000       -12.173695404220497     
   12.299999999999999       -12.398317866895523     
   12.330000000000000       -12.684209189485181     
   12.359999999999999       -13.079571913082134     
   12.389999999999999       -13.730094555488488     
   12.420000000000000       -16.066959440123888     
   12.449999999999999       -13.961718128412556     
   12.480000000000000       -13.217679553340346     
   12.510000000000000       -12.801362372118064     
   12.539999999999999       -12.512541770006207     
   12.570000000000000       -12.292183683479275     
   12.600000000000000       -12.114677598166660     
   12.629999999999999       -11.966569319675569     
   12.660000000000000       -11.839908657039098     
   12.690000000000000       -11.729604568873507     
   12.719999999999999       -11.632199953170874     
   12.750000000000000       -11.545239705114605     
   12.779999999999999       -11.466917557724770     
   12.809999999999999       -11.395866015795910     
   12.840000000000000       -11.331024994898836     
   12.869999999999999       -11.271556233263986     
   12.900000000000000       -11.216785577870628     
   12.930000000000000       -11.166162914179017     
   12.959999999999999       -11.119233638403097     
   12.990000000000000       -11.075617898845111     
   13.020000000000000       -11.034995198162200     
   13.049999999999999       -10.997092776475426     
   13.080000000000000       -10.961676713415851     
   13.109999999999999       -10.928545019540778     
   13.139999999999999       -10.897522206226334     
   13.170000000000000       -10.868454970005709     
   13.199999999999999       -10.841208727740689     
   13.229999999999999       -10.815664809066790     
   13.260000000000000       -10.791718161990714     
   13.289999999999999       -10.769275463185389     
   13.320000000000000       -10.748253550319268     
   13.350000000000000       -10.728578112849110     
   13.379999999999999       -10.710182591846804     
   13.410000000000000       -10.693007250199692     
   13.440000000000000       -10.676998382573691     
   13.469999999999999       -10.662107640831641     
   13.500000000000000       -10.648291455315109     
   13.529999999999999       -10.635510536315907     
   13.559999999999999       -10.623729442861650     
   13.590000000000000       -10.612916208455518     
   13.619999999999999       -10.603042015049178     
   13.650000000000000       -10.594080908305845     
   13.680000000000000       -10.586009548166063     
   13.709999999999999       -10.578806989883468     
   13.740000000000000       -10.572454491412692     
   13.770000000000000       -10.566935343712858     
   13.799999999999999       -10.562234721095313     
   13.830000000000000       -10.558339549178134     
   13.859999999999999       -10.555238388374883     
   13.889999999999999       -10.552921331197014     
   13.920000000000000       -10.551379911883625     
   13.949999999999999       -10.550607027118797     
   13.979999999999999       -10.550596866810624     
   14.010000000000000       -10.551344854013379     
   14.039999999999999       -10.552847593304925     
   14.070000000000000       -10.555102826970927     
   14.100000000000000       -10.558109398556095     
   14.129999999999999       -10.561867223366804     
   14.160000000000000       -10.566377265637943     
   14.190000000000000       -10.571641522170021     
   14.219999999999999       -10.577663012325880     
   14.250000000000000       -10.584445774320772     
   14.279999999999999       -10.591994867881079     
   14.309999999999999       -10.600316383358019     
   14.340000000000000       -10.609417457520573     
   14.369999999999999       -10.619306296303481     
   14.399999999999999       -10.629992204885609     
   14.430000000000000       -10.641485625585327     
   14.459999999999999       -10.653798184145753     
   14.490000000000000       -10.666942745127978     
   14.520000000000000       -10.680933477254259     
   14.549999999999999       -10.695785929705536     
   14.580000000000000       -10.711517120575595     
   14.609999999999999       -10.728145638863056     
   14.639999999999999       -10.745691761671875     
   14.670000000000000       -10.764177588561038     
   14.699999999999999       -10.783627195357973     
   14.729999999999999       -10.804066810134675     
   14.760000000000000       -10.825525014604192     
   14.789999999999999       -10.848032974750287     
   14.820000000000000       -10.871624705291621     
   14.850000000000000       -10.896337373462179     
   14.879999999999999       -10.922211648709277     
   14.910000000000000       -10.949292106305421     
   14.940000000000000       -10.977627694563321     
   14.969999999999999       -11.007272277502883     
   15.000000000000000       -11.038285267521337     
   15.029999999999999       -11.070732366046165     
   15.059999999999999       -11.104686434534790     
   15.090000000000000       -11.140228523834335     
   15.119999999999999       -11.177449097256460     
   15.149999999999999       -11.216449492332092     
   15.180000000000000       -11.257343678941917     
   15.209999999999999       -11.300260388538259     
   15.240000000000000       -11.345345712156417     
   15.270000000000000       -11.392766296389542     
   15.299999999999999       -11.442713310094758     
   15.330000000000000       -11.495407415849009     
   15.359999999999999       -11.551105067596747     
   15.389999999999999       -11.610106582776284     
   15.420000000000000       -11.672766624705330     
   15.449999999999999       -11.739508013771230     
   15.479999999999999       -11.810840222379955     
   15.510000000000000       -11.887384599329790     
   15.539999999999999       -11.969909493982298     
   15.570000000000000       -12.059380343178338     
   15.600000000000000       -12.157033088369589     
   15.629999999999999       -12.264485316283457     
   15.660000000000000       -12.383911075784065     
   15.690000000000000       -12.518328884671064     
   15.719999999999999       -12.672104138576929     
   15.750000000000000       -12.851891518447889     
   15.779999999999999       -13.068580037647514     
   15.809999999999999       -13.341876253550950     
   15.840000000000000       -13.713481763507904     
   15.869999999999999       -14.300652669112765     
   15.899999999999999       -15.850382029260075     
   15.930000000000000       -14.873816145000692     
   15.959999999999999       -14.017198970778844     
   15.990000000000000       -13.568670318186189     
   16.020000000000000       -13.264683327532344     
   16.050000000000001       -13.035602175939015     
   16.079999999999998       -12.852515900899135     
   16.109999999999999       -12.700607387583291     
   16.140000000000001       -12.571260117892438     
   16.169999999999998       -12.459017810742040     
   16.199999999999999       -12.360205669778011     
   16.230000000000000       -12.272230139860522     
   16.259999999999998       -12.193192153781109     
   16.289999999999999       -12.121659210777581     
   16.320000000000000       -12.056523920005011     
   16.349999999999998       -11.996912408631649     
   16.379999999999999       -11.942122884084688     
   16.410000000000000       -11.891583170272908     
   16.439999999999998       -11.844820593885824     
   16.469999999999999       -11.801440146567456     
   16.500000000000000       -11.761108335862867     
   16.530000000000001       -11.723541034448330     
   16.559999999999999       -11.688494196008699     
   16.590000000000000       -11.655756662693255     
   16.620000000000001       -11.625144523415246     
   16.649999999999999       -11.596496638304957     
   16.680000000000000       -11.569671051759357     
   16.710000000000001       -11.544542090642196     
   16.739999999999998       -11.520997996484265     
   16.770000000000000       -11.498938978118177     
   16.800000000000001       -11.478275598313616     
   16.829999999999998       -11.458927428209783     
   16.859999999999999       -11.440821917928426     
   16.890000000000001       -11.423893443247916     
   16.919999999999998       -11.408082496412533     
   16.949999999999999       -11.393334995924963     
   16.980000000000000       -11.379601695001160     
   17.009999999999998       -11.366837672362932     
   17.039999999999999       -11.355001892206445     
   17.070000000000000       -11.344056822358425     
   17.099999999999998       -11.333968101873989     
   17.129999999999999       -11.324704250716401     
   17.160000000000000       -11.316236415343178     
   17.189999999999998       -11.308538145219087     
   17.219999999999999       -11.301585195975516     
   17.250000000000000       -11.295355355638076     
   17.280000000000001       -11.289828290907769     
   17.309999999999999       -11.284985410974690     
   17.340000000000000       -11.280809746634924     
   17.370000000000001       -11.277285842897859     
   17.399999999999999       -11.274399663553689     
   17.430000000000000       -11.272138506228679     
   17.460000000000001       -11.270490926883236     
   17.489999999999998       -11.269446672684202     
   17.520000000000000       -11.268996622434539     
   17.550000000000001       -11.269132733774249     
   17.579999999999998       -11.269847996581271     
   17.609999999999999       -11.271136391976054     
   17.640000000000001       -11.272992856471273     
   17.669999999999998       -11.275413250910439     
   17.699999999999999       -11.278394333776657     
   17.730000000000000       -11.281933738706774     
   17.759999999999998       -11.286029955867070     
   17.789999999999999       -11.290682317064745     
   17.820000000000000       -11.295890984440151     
   17.849999999999998       -11.301656942657941     
   17.879999999999999       -11.307981994461937     
   17.910000000000000       -11.314868759644577     
   17.939999999999998       -11.322320677391746     
   17.969999999999999       -11.330342012069760     
   18.000000000000000       -11.338937862511338     
   18.029999999999998       -11.348114174920722     
   18.059999999999999       -11.357877759585589     
   18.090000000000000       -11.368236311588932     
   18.120000000000001       -11.379198435720374     
   18.149999999999999       -11.390773676009065     
   18.180000000000000       -11.402972550089295     
   18.210000000000001       -11.415806588981559     
   18.239999999999998       -11.429288382633287     
   18.270000000000000       -11.443431631971457     
   18.300000000000001       -11.458251207976277     
   18.329999999999998       -11.473763218749220     
   18.359999999999999       -11.489985085341926     
   18.390000000000001       -11.506935627530124     
   18.419999999999998       -11.524635160740427     
   18.449999999999999       -11.543105605552620     
   18.480000000000000       -11.562370611628769     
   18.509999999999998       -11.582455697881386     
   18.539999999999999       -11.603388411391633     
   18.570000000000000       -11.625198507765361     
   18.599999999999998       -11.647918156199303     
   18.629999999999999       -11.671582173275945     
   18.660000000000000       -11.696228289962182     
   18.689999999999998       -11.721897457419178     
   18.719999999999999       -11.748634198414321     
   18.750000000000000       -11.776487012216474     
   18.779999999999998       -11.805508842915462     
   18.809999999999999       -11.835757623031927     
   18.840000000000000       -11.867296907141760     
   18.870000000000001       -11.900196613648768     
   18.899999999999999       -11.934533897257456     
   18.930000000000000       -11.970394180408434     
   18.960000000000001       -12.007872379324272     
   18.989999999999998       -12.047074370128383     
   19.020000000000000       -12.088118753092717     
   19.050000000000001       -12.131138990557091     
   19.079999999999998       -12.176286017145831     
   19.109999999999999       -12.223731452576983     
   19.140000000000001       -12.273671591870828     
   19.169999999999998       -12.326332409114206     
   19.199999999999999       -12.381975900058704     
   19.230000000000000       -12.440908216906884     
   19.259999999999998       -12.503490238686780     
   19.289999999999999       -12.570151507653140     
   19.320000000000000       -12.641408904900034     
   19.349999999999998       -12.717892140114733     
   19.379999999999999       -12.800379274396155     
   19.410000000000000       -12.889847421880397     
   19.439999999999998       -12.987547145138347     
   19.469999999999999       -13.095115212506311     
   19.500000000000000       -13.214752211403571     
   19.529999999999998       -13.349515669389485     
   19.559999999999999       -13.503832488775021     
   19.590000000000000       -13.684462833084032     
   19.620000000000001       -13.902496947224423     
   19.649999999999999       -14.178085579651723     
   19.680000000000000       -14.554156362044059     
   19.710000000000001       -15.153088264766939     
   19.739999999999998       -16.807369393495129     
   19.770000000000000       -15.654654611121948     
   19.800000000000001       -14.823859085843910     
   19.829999999999998       -14.382424388155917     
   19.859999999999999       -14.081846826111729     
   19.890000000000001       -13.854852870511484     
   19.919999999999998       -13.673250474439858     
   19.949999999999999       -13.522516269909715     
   19.980000000000000       -13.394176724452498     
   20.009999999999998       -13.282853905439111     
   20.039999999999999       -13.184919822120303     
   20.070000000000000       -13.097810795903424     
   20.099999999999998       -13.019647854697084     
   20.129999999999999       -12.949012594297528     
   20.160000000000000       -12.884807853571553     
   20.189999999999998       -12.826167387042320     
   20.219999999999999       -12.772395210191812     
   20.250000000000000       -12.722923638745090     
   20.279999999999998       -12.677283508149459     
   20.309999999999999       -12.635082563188012     
   20.340000000000000       -12.595989467556262     
   20.370000000000001       -12.559721766618610     
   20.399999999999999       -12.526036686119332     
   20.430000000000000       -12.494724001185746     
   20.460000000000001       -12.465600441287917     
   20.489999999999998       -12.438505250730119     
   20.520000000000000       -12.413296629938538     
   20.550000000000001       -12.389848856256997     
   20.579999999999998       -12.368049934385553     
   20.609999999999999       -12.347799664144402     
   20.640000000000001       -12.329008039776602     
   20.669999999999998       -12.311593915092553     
   20.699999999999999       -12.295483883495036     
   20.730000000000000       -12.280611332657028     
   20.759999999999998       -12.266915642702418     
   20.789999999999999       -12.254341502368741     
   20.820000000000000       -12.242838323459265     
   20.849999999999998       -12.232359737067032     
   20.879999999999999       -12.222863158460912     
   20.910000000000000       -12.214309410032373     
   20.939999999999998       -12.206662393202594     
   20.969999999999999       -12.199888802331923     
   21.000000000000000       -12.193957874205365     
   21.029999999999998       -12.188841168338271     
   21.059999999999999       -12.184512373751803     
   21.090000000000000       -12.180947138644500     
   21.119999999999997       -12.178122920038762     
   21.149999999999999       -12.176018850798872     
   21.180000000000000       -12.174615621877068     
   21.210000000000001       -12.173895377931938     
   21.239999999999998       -12.173841624851322     
   21.270000000000000       -12.174439147671059     
   21.300000000000001       -12.175673937779445     
   21.329999999999998       -12.177533128559329     
   21.359999999999999       -12.180004938429470     
   21.390000000000001       -12.183078620573690     
   21.419999999999998       -12.186744418829639     
   21.449999999999999       -12.190993529164052     
   21.480000000000000       -12.195818066123865     
   21.509999999999998       -12.201211034152085     
   21.539999999999999       -12.207166303014013     
   21.570000000000000       -12.213678587527363     
   21.599999999999998       -12.220743431024488     
   21.629999999999999       -12.228357192429945     
   21.660000000000000       -12.236517036900651     
   21.689999999999998       -12.245220929832890     
   21.719999999999999       -12.254467634092112     
   21.750000000000000       -12.264256710677984     
   21.779999999999998       -12.274588522471044     
   21.809999999999999       -12.285464241384568     
   21.840000000000000       -12.296885858889899     
   21.869999999999997       -12.308856199738118     
   21.899999999999999       -12.321378939581882     
   21.930000000000000       -12.334458626211740     
   21.960000000000001       -12.348100704679545     
   21.989999999999998       -12.362311546736576     
   22.020000000000000       -12.377098484767910     
   22.050000000000001       -12.392469850660516     
   22.079999999999998       -12.408435019979349     
   22.109999999999999       -12.425004462112323     
   22.140000000000001       -12.442189796559347     
   22.169999999999998       -12.460003856751785     
   22.199999999999999       -12.478460761427192     
   22.230000000000000       -12.497575995113689     
   22.259999999999998       -12.517366498344284     
   22.289999999999999       -12.537850769222699     
   22.320000000000000       -12.559048977600430     
   22.349999999999998       -12.580983093369802     
   22.379999999999999       -12.603677031592335     
   22.410000000000000       -12.627156815874208     
   22.439999999999998       -12.651450763581403     
   22.469999999999999       -12.676589695523004     
   22.500000000000000       -12.702607174670305     
   22.529999999999998       -12.729539777948320     
   22.559999999999999       -12.757427406957595     
   22.590000000000000       -12.786313644361819     
   22.619999999999997       -12.816246163919288     
   22.649999999999999       -12.847277204140630     
   22.680000000000000       -12.879464117074509     
   22.710000000000001       -12.912870007815322     
   22.739999999999998       -12.947564482228698     
   22.770000000000000       -12.983624525741309     
   22.800000000000001       -13.021135541679879     
   22.829999999999998       -13.060192585124694     
   22.859999999999999       -13.100901837674769     
   22.890000000000001       -13.143382381554519     
   22.919999999999998       -13.187768349288211     
   22.949999999999999       -13.234211547849926     
   22.980000000000000       -13.282884689078092     
   23.009999999999998       -13.333985401345366     
   23.039999999999999       -13.387741261018059     
   23.070000000000000       -13.444416171720002     
   23.099999999999998       -13.504318546968829     
   23.129999999999999       -13.567811947188234     
   23.160000000000000       -13.635329107143717     
   23.189999999999998       -13.707390741633876     
   23.219999999999999       -13.784631224329541     
   23.250000000000000       -13.867834392470623     
   23.279999999999998       -13.957984680941351     
   23.309999999999999       -14.056342205313749     
   23.340000000000000       -14.164556654391125     
   23.369999999999997       -14.284846868377045     
   23.399999999999999       -14.420297558227537     
   23.430000000000000       -14.575378807594024     
   23.460000000000001       -14.756925142835776     
   23.489999999999998       -14.976169096018406     
   23.520000000000000       -15.253576690302909     
   23.550000000000001       -15.632951964018222     
   23.579999999999998       -16.240397688712719     
   23.609999999999999       -17.977754617619389     
   23.640000000000001       -16.693246391489971     
   23.669999999999998       -15.879294705496990     
   23.699999999999999       -15.442517582049735     
   23.730000000000000       -15.144089202901656     
   23.759999999999998       -14.918306136297751     
   23.789999999999999       -14.737461070096376     
   23.820000000000000       -14.587231300423198     
   23.849999999999998       -14.459242645740153     
   23.879999999999999       -14.348172971184828     
   23.910000000000000       -14.250428825943224     
   23.939999999999998       -14.163469686554114     
   23.969999999999999       -14.085433190153852     
   24.000000000000000       -14.014913558077746     
   24.029999999999998       -13.950823714281647     
   24.059999999999999       -13.892305812733523     
   24.090000000000000       -13.838671109865677     
   24.119999999999997       -13.789358340221103     
   24.149999999999999       -13.743904157171881     
   24.180000000000000       -13.701921671133734     
   24.210000000000001       -13.663084561327128     
   24.239999999999998       -13.627115109812291     
   24.270000000000000       -13.593775050612983     
   24.300000000000001       -13.562858475065163     
   24.329999999999998       -13.534186262955313     
   24.359999999999999       -13.507601662216791     
   24.390000000000001       -13.482966744431907     
   24.419999999999998       -13.460159536152410     
   24.449999999999999       -13.439071677416706     
   24.480000000000000       -13.419606495631177     
   24.509999999999998       -13.401677409777221     
   24.539999999999999       -13.385206599510365     
   24.570000000000000       -13.370123888516471     
   24.599999999999998       -13.356365802312965     
   24.629999999999999       -13.343874769122154     
   24.660000000000000       -13.332598438950162     
   24.689999999999998       -13.322489100775977     
   24.719999999999999       -13.313503181794177     
   24.750000000000000       -13.305600815522524     
   24.779999999999998       -13.298745468178360     
   24.809999999999999       -13.292903614496399     
   24.840000000000000       -13.288044455672612     
   24.869999999999997       -13.284139673495599     
   24.899999999999999       -13.281163215667489     
   24.930000000000000       -13.279091107928735     
   24.960000000000001       -13.277901289813283     
   24.989999999999998       -13.277573470633254     
   25.020000000000000       -13.278089003630088     
   25.050000000000001       -13.279430775732800     
   25.079999999999998       -13.281583111558136     
   25.109999999999999       -13.284531689645000     
   25.140000000000001       -13.288263470047324     
   25.169999999999998       -13.292766631884330     
   25.199999999999999       -13.298030520061845     
   25.230000000000000       -13.304045600353490     
   25.259999999999998       -13.310803422147538     
   25.289999999999999       -13.318296588096517     
   25.320000000000000       -13.326518731070395     
   25.349999999999998       -13.335464496373836     
   25.379999999999999       -13.345129531023774     
   25.410000000000000       -13.355510478352732     
   25.439999999999998       -13.366604978058126     
   25.469999999999999       -13.378411672571209     
   25.500000000000000       -13.390930218441818     
   25.529999999999998       -13.404161303790744     
   25.559999999999999       -13.418106671621420     
   25.590000000000000       -13.432769149034474     
   25.619999999999997       -13.448152683047782     
   25.649999999999999       -13.464262383300394     
   25.680000000000000       -13.481104571750654     
   25.709999999999997       -13.498686840814713     
   25.739999999999998       -13.517018119398484     
   25.770000000000000       -13.536108748901103     
   25.800000000000001       -13.555970569633660     
   25.829999999999998       -13.576617019056066     
   25.859999999999999       -13.598063242313795     
   25.890000000000001       -13.620326218648039     
   25.919999999999998       -13.643424903686642     
   25.949999999999999       -13.667380390953531     
   25.980000000000000       -13.692216094980118     
   26.009999999999998       -13.717957959841618     
   26.039999999999999       -13.744634695711280     
   26.070000000000000       -13.772278049253554     
   26.099999999999998       -13.800923113005084     
   26.129999999999999       -13.830608679927151     
   26.160000000000000       -13.861377651515559     
   26.189999999999998       -13.893277509310524     
   26.219999999999999       -13.926360860717519     
   26.250000000000000       -13.960686075702565     
   26.279999999999998       -13.996318030415530     
   26.309999999999999       -14.033328980086445     
   26.340000000000000       -14.071799591475642     
   26.369999999999997       -14.111820167861397     
   26.399999999999999       -14.153492112874629     
   26.430000000000000       -14.196929690253619     
   26.459999999999997       -14.242262155754691     
   26.489999999999998       -14.289636356406941     
   26.520000000000000       -14.339219929474998     
   26.550000000000001       -14.391205272530977     
   26.579999999999998       -14.445814519173585     
   26.609999999999999       -14.503305842358310     
   26.640000000000001       -14.563981535092310     
   26.669999999999998       -14.628198504974009     
   26.699999999999999       -14.696382102480330     
   26.730000000000000       -14.769044642319399     
   26.759999999999998       -14.846810666180177     
   26.789999999999999       -14.930452126444395     
   26.820000000000000       -15.020938564211704     
   26.849999999999998       -15.119510676692427     
   26.879999999999999       -15.227791703286384     
   26.910000000000000       -15.347962672635592     
   26.939999999999998       -15.483051193903536     
   26.969999999999999       -15.637435412925793     
   27.000000000000000       -15.817789722471355     
   27.029999999999998       -16.035037773891442     
   27.059999999999999       -16.308958267795632     
   27.090000000000000       -16.681444744607607     
   27.119999999999997       -17.270536315473144     
   27.149999999999999       -18.835565915839144     
   27.180000000000000       -17.832481010822182     
   27.209999999999997       -16.979924593344730     
   27.239999999999998       -16.532385063504066     
   27.270000000000000       -16.228751680239728     
   27.300000000000001       -15.999769305453166     
   27.329999999999998       -15.816645717634730     
   27.359999999999999       -15.664615262483323     
   27.390000000000001       -15.535089174549656     
   27.419999999999998       -15.422628839904293     
   27.449999999999999       -15.323572263484676     
   27.480000000000000       -15.235336125713280     
   27.509999999999998       -15.156030145932483     
   27.539999999999999       -15.084229751964056     
   27.570000000000000       -15.018834952293060     
   27.599999999999998       -14.958978937898758     
   27.629999999999999       -14.903966760330176     
   27.660000000000000       -14.853232942216509     
   27.689999999999998       -14.806311410167904     
   27.719999999999999       -14.762813686969896     
   27.750000000000000       -14.722412762633434     
   27.779999999999998       -14.684830954204566     
   27.809999999999999       -14.649830631200999     
   27.840000000000000       -14.617207026381639     
   27.869999999999997       -14.586782596530393     
   27.899999999999999       -14.558402547376385     
   27.930000000000000       -14.531931246807032     
   27.959999999999997       -14.507249320970182     
   27.989999999999998       -14.484251285548105     
   28.020000000000000       -14.462843596469316     
   28.050000000000001       -14.442943033583701     
   28.079999999999998       -14.424475354499322     
   28.109999999999999       -14.407374161717820     
   28.140000000000001       -14.391579948008609     
   28.169999999999998       -14.377039285949181     
   28.199999999999999       -14.363704135516576     
   28.230000000000000       -14.351531251942905     
   28.259999999999998       -14.340481675683687     
   28.289999999999999       -14.330520292298585     
   28.320000000000000       -14.321615450823517     
   28.349999999999998       -14.313738632390200     
   28.379999999999999       -14.306864161367324     
   28.410000000000000       -14.300968953395179     
   28.439999999999998       -14.296032294611244     
   28.469999999999999       -14.292035649285829     
   28.500000000000000       -14.288962490522174     
   28.529999999999998       -14.286798152683025     
   28.559999999999999       -14.285529702246496     
   28.590000000000000       -14.285145825547824     
   28.619999999999997       -14.285636730870623     
   28.649999999999999       -14.286994064333532     
   28.680000000000000       -14.289210838027627     
   28.709999999999997       -14.292281369127849     
   28.739999999999998       -14.296201229563625     
   28.770000000000000       -14.300967205343269     
   28.799999999999997       -14.306577265142247     
   28.829999999999998       -14.313030537734802     
   28.859999999999999       -14.320327297916688     
   28.890000000000001       -14.328468960831980     
   28.919999999999998       -14.337458084771228     
   28.949999999999999       -14.347298382217920     
   28.980000000000000       -14.357994739609911     
   29.009999999999998       -14.369553245983431     
   29.039999999999999       -14.381981230867691     
   29.070000000000000       -14.395287312007115     
   29.099999999999998       -14.409481453649160     
   29.129999999999999       -14.424575036124319     
   29.160000000000000       -14.440580937883563     
   29.189999999999998       -14.457513631092123     
   29.219999999999999       -14.475389292258745     
   29.250000000000000       -14.494225930004308     
   29.279999999999998       -14.514043531211472     
   29.309999999999999       -14.534864229274207     
   29.340000000000000       -14.556712496286941     
   29.369999999999997       -14.579615363412506     
   29.399999999999999       -14.603602673051505     
   29.430000000000000       -14.628707368937889     
   29.459999999999997       -14.654965828734502     
   29.489999999999998       -14.682418247937068     
   29.520000000000000       -14.711109083540252     
   29.549999999999997       -14.741087567621246     
   29.579999999999998       -14.772408305499678     
   29.609999999999999       -14.805131974256959     
   29.640000000000001       -14.839326141938253     
   29.669999999999998       -14.875066234642654     
   29.699999999999999       -14.912436680634015     
   29.730000000000000       -14.951532275336161     
   29.759999999999998       -14.992459819107195     
   29.789999999999999       -15.035340093016694     
   29.820000000000000       -15.080310263520014     
   29.849999999999998       -15.127526829670073     
   29.879999999999999       -15.177169267876495     
   29.910000000000000       -15.229444582488675     
   29.939999999999998       -15.284593043585696     
   29.969999999999999       -15.342895509434305     
   30.000000000000000       -15.404682882230173     
