   2.9999999999999999E-002  -6.9086479187562500     
   5.9999999999999998E-002  -6.9104213859722270     
   8.9999999999999997E-002  -6.9130655666225183     
  0.12000000000000000       -6.9165719697985732     
  0.14999999999999999       -6.9209336651062623     
  0.17999999999999999       -6.9261452317968253     
  0.20999999999999999       -6.9322027188747111     
  0.23999999999999999       -6.9391036156113017     
  0.27000000000000002       -6.9468468320468668     
  0.29999999999999999       -6.9554326892068117     
  0.32999999999999996       -6.9648629188947799     
  0.35999999999999999       -6.9751406730594949     
  0.39000000000000001       -6.9862705428668601     
  0.41999999999999998       -6.9982585877463519     
  0.44999999999999996       -7.0111123748274915     
  0.47999999999999998       -7.0248410293384120     
  0.51000000000000001       -7.0394552967101038     
  0.54000000000000004       -7.0549676173233120     
  0.56999999999999995       -7.0713922150521160     
  0.59999999999999998       -7.0887452010086180     
  0.63000000000000000       -7.1070446941843644     
  0.65999999999999992       -7.1263109610246040     
  0.68999999999999995       -7.1465665763747088     
  0.71999999999999997       -7.1678366087188232     
  0.75000000000000000       -7.1901488332076324     
  0.78000000000000003       -7.2135339766683995     
  0.80999999999999994       -7.2380259996386318     
  0.83999999999999997       -7.2636624215002970     
  0.87000000000000000       -7.2904846960695604     
  0.89999999999999991       -7.3185386465766715     
  0.92999999999999994       -7.3478749709449263     
  0.95999999999999996       -7.3785498307529851     
  0.98999999999999999       -7.4106255403977812     
   1.0200000000000000       -7.4441713769628253     
   1.0500000000000000       -7.4792645364187393     
   1.0800000000000001       -7.5159912684117813     
   1.1099999999999999       -7.5544482305502472     
   1.1399999999999999       -7.5947441145084520     
   1.1699999999999999       -7.6370016114550445     
   1.2000000000000000       -7.6813598047524216     
   1.2300000000000000       -7.7279771056976783     
   1.2600000000000000       -7.7770348864351568     
   1.2900000000000000       -7.8287420177708569     
   1.3199999999999998       -7.8833405956377032     
   1.3499999999999999       -7.9411132495289856     
   1.3799999999999999       -8.0023925869723609     
   1.4099999999999999       -8.0675735686352876     
   1.4399999999999999       -8.1371299764354728     
   1.4700000000000000       -8.2116367132054915     
   1.5000000000000000       -8.2918006001053417     
   1.5300000000000000       -8.3785038782901040     
   1.5600000000000001       -8.4728672709056987     
   1.5899999999999999       -8.5763442085956108     
   1.6199999999999999       -8.6908667417249834     
   1.6499999999999999       -8.8190813972410744     
   1.6799999999999999       -8.9647509858546801     
   1.7100000000000000       -9.1334857692744560     
   1.7400000000000000       -9.3341926750854025     
   1.7700000000000000       -9.5823005933365675     
   1.7999999999999998       -9.9082505629478561     
   1.8299999999999998       -10.386839091506536     
   1.8599999999999999       -11.316612027003572     
   1.8899999999999999       -11.986658248887204     
   1.9199999999999999       -10.623309795433251     
   1.9500000000000000       -10.073864337771200     
   1.9800000000000000       -9.7262708211012452     
   2.0099999999999998       -9.4728019121889364     
   2.0400000000000000       -9.2740940596491832     
   2.0699999999999998       -9.1112899787471484     
   2.1000000000000001       -8.9738799469138915     
   2.1299999999999999       -8.8554013981493007     
   2.1600000000000001       -8.7515943386420165     
   2.1899999999999999       -8.6595009145846404     
   2.2199999999999998       -8.5769827043485609     
   2.2500000000000000       -8.5024428094154576     
   2.2799999999999998       -8.4346565842662340     
   2.3100000000000001       -8.3726637187052013     
   2.3399999999999999       -8.3156967828600301     
   2.3700000000000001       -8.2631323830642796     
   2.3999999999999999       -8.2144568522346244     
   2.4299999999999997       -8.1692415757772245     
   2.4600000000000000       -8.1271248785351826     
   2.4899999999999998       -8.0877984853001657     
   2.5200000000000000       -8.0509972362322593     
   2.5499999999999998       -8.0164911618769850     
   2.5800000000000001       -7.9840792972828893     
   2.6099999999999999       -7.9535847971498166     
   2.6399999999999997       -7.9248510375489767     
   2.6699999999999999       -7.8977384750251138     
   2.6999999999999997       -7.8721220937186622     
   2.7300000000000000       -7.8478893137762933     
   2.7599999999999998       -7.8249382650806636     
   2.7900000000000000       -7.8031763528732094     
   2.8199999999999998       -7.7825190584978987     
   2.8500000000000001       -7.7628889309880549     
   2.8799999999999999       -7.7442147346492902     
   2.9099999999999997       -7.7264307249990312     
   2.9399999999999999       -7.7094760309704791     
   2.9699999999999998       -7.6932941255985066     
   3.0000000000000000       -7.6778323707761658     
   3.0299999999999998       -7.6630416243349400     
   3.0600000000000001       -7.6488758998044331     
   3.0899999999999999       -7.6352920709063996     
   3.1200000000000001       -7.6222496141758853     
   3.1499999999999999       -7.6097103842204019     
   3.1799999999999997       -7.5976384170027034     
   3.2100000000000000       -7.5859997572708844     
   3.2399999999999998       -7.5747623068539935     
   3.2700000000000000       -7.5638956910400763     
   3.2999999999999998       -7.5533711406613211     
   3.3300000000000001       -7.5431613878499473     
   3.3599999999999999       -7.5332405737217778     
   3.3899999999999997       -7.5235841664778134     
   3.4199999999999999       -7.5141688886207758     
   3.4499999999999997       -7.5049726521524605     
   3.4800000000000000       -7.4959745007708749     
   3.5099999999999998       -7.4871545582008130     
   3.5400000000000000       -7.4784939819084402     
   3.5699999999999998       -7.4699749215362861     
   3.5999999999999996       -7.4615804814800128     
   3.6299999999999999       -7.4532946870936003     
   3.6599999999999997       -7.4451024540749833     
   3.6899999999999999       -7.4369895606287670     
   3.7199999999999998       -7.4289426220645494     
   3.7500000000000000       -7.4209490675126553     
   3.7799999999999998       -7.4129971184915329     
   3.8100000000000001       -7.4050757690836919     
   3.8399999999999999       -7.3971747675118618     
   3.8699999999999997       -7.3892845989316687     
   3.8999999999999999       -7.3813964692799745     
   3.9299999999999997       -7.3735022900407170     
   3.9600000000000000       -7.3655946638120149     
   3.9899999999999998       -7.3576668705694512     
   4.0199999999999996       -7.3497128545434531     
   4.0499999999999998       -7.3417272116386565     
   4.0800000000000001       -7.3337051773390964     
   4.1099999999999994       -7.3256426150520877     
   4.1399999999999997       -7.3175360048589644     
   4.1699999999999999       -7.3093824326437113     
   4.2000000000000002       -7.3011795795876022     
   4.2299999999999995       -7.2929257120160820     
   4.2599999999999998       -7.2846196716008293     
   4.2900000000000000       -7.2762608659170356     
   4.3200000000000003       -7.2678492593640591     
   4.3499999999999996       -7.2593853644642046     
   4.3799999999999999       -7.2508702335523330     
   4.4100000000000001       -7.2423054508768203     
   4.4399999999999995       -7.2336931251268091     
   4.4699999999999998       -7.2250358824087551     
   4.5000000000000000       -7.2163368596888064     
   4.5300000000000002       -7.2075996987234721     
   4.5599999999999996       -7.1988285404914585     
   4.5899999999999999       -7.1900280201422797     
   4.6200000000000001       -7.1812032624747513     
   4.6499999999999995       -7.1723598779489599     
   4.6799999999999997       -7.1635039592394687     
   4.7100000000000000       -7.1546420783228424     
   4.7400000000000002       -7.1457812840950643     
   4.7699999999999996       -7.1369291005011135     
   4.7999999999999998       -7.1280935251590467     
   4.8300000000000001       -7.1192830284435988     
   4.8599999999999994       -7.1105065529976237     
   4.8899999999999997       -7.1017735136213505     
   4.9199999999999999       -7.0930937974840447     
   4.9500000000000002       -7.0844777645958894     
   4.9799999999999995       -7.0759362484610628     
   5.0099999999999998       -7.0674805568290058     
   5.0400000000000000       -7.0591224724464299     
   5.0699999999999994       -7.0508742537045679     
   5.0999999999999996       -7.0427486350626483     
   5.1299999999999999       -7.0347588271205685     
   5.1600000000000001       -7.0269185162024312     
   5.1899999999999995       -7.0192418633013665     
   5.2199999999999998       -7.0117435022298507     
   5.2500000000000000       -7.0044385368082454     
   5.2799999999999994       -6.9973425369175555     
   5.3099999999999996       -6.9904715332381988     
   5.3399999999999999       -6.9838420104908332     
   5.3700000000000001       -6.9774708989917622     
   5.3999999999999995       -6.9713755643348563     
   5.4299999999999997       -6.9655737950198420     
   5.4600000000000000       -6.9600837878407793     
   5.4900000000000002       -6.9549241308689629     
   5.5199999999999996       -6.9501137838681872     
   5.5499999999999998       -6.9456720559977869     
   5.5800000000000001       -6.9416185806785942     
   5.6099999999999994       -6.9379732875252271     
   5.6399999999999997       -6.9347563712662117     
   5.6699999999999999       -6.9319882576175704     
   5.7000000000000002       -6.9296895661057336     
   5.7299999999999995       -6.9278810698792430     
   5.7599999999999998       -6.9265836525964746     
   5.7900000000000000       -6.9258182625228102     
   5.8199999999999994       -6.9256058640276130     
   5.8499999999999996       -6.9259673867248654     
   5.8799999999999999       -6.9269236725602390     
   5.9100000000000001       -6.9284954212051613     
   5.9399999999999995       -6.9307031341796650     
   5.9699999999999998       -6.9335670581811994     
   6.0000000000000000       -6.9371071281549748     
   6.0299999999999994       -6.9413429106916764     
   6.0599999999999996       -6.9462935483872830     
   6.0899999999999999       -6.9519777058415633     
   6.1200000000000001       -6.9584135180055275     
   6.1499999999999995       -6.9656185416158998     
   6.1799999999999997       -6.9736097104718926     
   6.2100000000000000       -6.9824032953182131     
   6.2400000000000002       -6.9920148690968613     
   6.2699999999999996       -7.0024592783189812     
   6.2999999999999998       -7.0137506212874632     
   6.3300000000000001       -7.0259022338715287     
   6.3599999999999994       -7.0389266834979693     
   6.3899999999999997       -7.0528357719797992     
   6.4199999999999999       -7.0676405477558433     
   6.4500000000000002       -7.0833513280646114     
   6.4799999999999995       -7.0999777315262511     
   6.5099999999999998       -7.1175287215585801     
   6.5400000000000000       -7.1360126610133134     
   6.5699999999999994       -7.1554373783849297     
   6.5999999999999996       -7.1758102459252822     
   6.6299999999999999       -7.1971382699927355     
   6.6600000000000001       -7.2194281939780804     
   6.6899999999999995       -7.2426866141895783     
   6.7199999999999998       -7.2669201091406537     
   6.7500000000000000       -7.2921353827824280     
   6.7799999999999994       -7.3183394223534028     
   6.8099999999999996       -7.3455396716922179     
   6.8399999999999999       -7.3737442210776223     
   6.8700000000000001       -7.4029620149382795     
   6.8999999999999995       -7.4332030791116610     
   6.9299999999999997       -7.4644787697456865     
   6.9600000000000000       -7.4968020464434657     
   6.9899999999999993       -7.5301877728592173     
   7.0199999999999996       -7.5646530487010821     
   7.0499999999999998       -7.6002175779939520     
   7.0800000000000001       -7.6369040795669241     
   7.1099999999999994       -7.6747387470785684     
   7.1399999999999997       -7.7137517675703844     
   7.1699999999999999       -7.7539779096110228     
   7.1999999999999993       -7.7954571947037410     
   7.2299999999999995       -7.8382356688994195     
   7.2599999999999998       -7.8823662957390113     
   7.2900000000000000       -7.9279099969860409     
   7.3199999999999994       -7.9749368745264411     
   7.3499999999999996       -8.0235276558521296     
   7.3799999999999999       -8.0737754174329375     
   7.4100000000000001       -8.1257876561617532     
   7.4399999999999995       -8.1796888004161161     
   7.4699999999999998       -8.2356232814074204     
   7.5000000000000000       -8.2937593257472511     
   7.5299999999999994       -8.3542936864460167     
   7.5599999999999996       -8.4174576096507430     
   7.5899999999999999       -8.4835244500940092     
   7.6200000000000001       -8.5528195183694837     
   7.6499999999999995       -8.6257329985611157     
   7.6799999999999997       -8.7027371665046100     
   7.7100000000000000       -8.7844097550918132     
   7.7399999999999993       -8.8714663091165118     
   7.7699999999999996       -8.9648060341726783     
   7.7999999999999998       -9.0655785188004359     
   7.8300000000000001       -9.1752838925766245     
   7.8599999999999994       -9.2959287970472033     
   7.8899999999999997       -9.4302802355260003     
   7.9199999999999999       -9.5823017414372487     
   7.9499999999999993       -9.7579557879091539     
   7.9799999999999995       -9.9668174257400750     
   8.0099999999999998       -10.225739108058692     
   8.0399999999999991       -10.568800506141207     
   8.0700000000000003       -11.083639617108634     
   8.0999999999999996       -12.169939874105072     
   8.1299999999999990       -12.239191042332326     
   8.1600000000000001       -11.126874810229985     
   8.1899999999999995       -10.618903734422865     
   8.2199999999999989       -10.287368358150447     
   8.2500000000000000       -10.041481464987680     
   8.2799999999999994       -9.8462926837412681     
   8.3100000000000005       -9.6846046817690414     
   8.3399999999999999       -9.5466728498745397     
   8.3699999999999992       -9.4264374019661901     
   8.4000000000000004       -9.3198717702406704     
   8.4299999999999997       -9.2241639311522690     
   8.4599999999999991       -9.1372724645619687     
   8.4900000000000002       -9.0576686678318925     
   8.5199999999999996       -8.9841783477068535     
   8.5499999999999989       -8.9158803554226616     
   8.5800000000000001       -8.8520390680775112     
   8.6099999999999994       -8.7920580370756962     
   8.6400000000000006       -8.7354473070740877     
   8.6699999999999999       -8.6817998343075136     
   8.6999999999999993       -8.6307741225995009     
   8.7300000000000004       -8.5820812067966816     
   8.7599999999999998       -8.5354747384350862     
   8.7899999999999991       -8.4907433255685731     
   8.8200000000000003       -8.4477045373987938     
   8.8499999999999996       -8.4062001565817610     
   8.8799999999999990       -8.3660923791408379     
   8.9100000000000001       -8.3272607428101164     
   8.9399999999999995       -8.2895996216169809     
   8.9699999999999989       -8.2530161650823963     
   9.0000000000000000       -8.2174285898618145     
   9.0299999999999994       -8.1827647531731031     
   9.0600000000000005       -8.1489609533471974     
   9.0899999999999999       -8.1159609148201337     
   9.1199999999999992       -8.0837149239470545     
   9.1500000000000004       -8.0521790889609388     
   9.1799999999999997       -8.0213147027267429     
   9.2099999999999991       -7.9910876911286461     
   9.2400000000000002       -7.9614681331413673     
   9.2699999999999996       -7.9324298412485179     
   9.2999999999999989       -7.9039499928818300     
   9.3300000000000001       -7.8760088052037487     
   9.3599999999999994       -7.8485892468557577     
   9.3899999999999988       -7.8216767813726413     
   9.4199999999999999       -7.7952591378257718     
   9.4499999999999993       -7.7693261049432518     
   9.4800000000000004       -7.7438693455798049     
   9.5099999999999998       -7.7188822288535519     
   9.5399999999999991       -7.6943596776853767     
   9.5700000000000003       -7.6702980298015433     
   9.5999999999999996       -7.6466949105635909     
   9.6299999999999990       -7.6235491161940834     
   9.6600000000000001       -7.6008605061870496     
   9.6899999999999995       -7.5786299038616942     
   9.7199999999999989       -7.5568590041700139     
   9.7500000000000000       -7.5355502879740852     
   9.7799999999999994       -7.5147069421390258     
   9.8100000000000005       -7.4943327848796617     
   9.8399999999999999       -7.4744321958673545     
   9.8699999999999992       -7.4550100506847778     
   9.9000000000000004       -7.4360716592958234     
   9.9299999999999997       -7.4176227082106072     
   9.9599999999999991       -7.3996692061247940     
   9.9900000000000002       -7.3822174328189396     
   10.020000000000000       -7.3652738911602471     
   10.049999999999999       -7.3488452620747671     
   10.080000000000000       -7.3329383623817472     
   10.109999999999999       -7.3175601054259820     
   10.139999999999999       -7.3027174644510646     
   10.170000000000000       -7.2884174386615852     
   10.199999999999999       -7.2746670219740919     
   10.230000000000000       -7.2614731744396561     
   10.260000000000000       -7.2488427963266568     
   10.289999999999999       -7.2367827048886504     
   10.320000000000000       -7.2252996138244221     
   10.350000000000000       -7.2144001154272379     
   10.379999999999999       -7.2040906654734878     
   10.410000000000000       -7.1943775708235105     
   10.440000000000000       -7.1852669797812538     
   10.469999999999999       -7.1767648751914246     
   10.500000000000000       -7.1688770702980262     
   10.529999999999999       -7.1616092073377997     
   10.559999999999999       -7.1549667588874817     
   10.590000000000000       -7.1489550319064490     
   10.619999999999999       -7.1435791744922259     
   10.650000000000000       -7.1388441852835118     
   10.680000000000000       -7.1347549254937537     
   10.709999999999999       -7.1313161335169548     
   10.740000000000000       -7.1285324420734462     
   10.770000000000000       -7.1264083978260047     
   10.799999999999999       -7.1249484834281587     
   10.830000000000000       -7.1241571419449734     
   10.859999999999999       -7.1240388035893050     
   10.889999999999999       -7.1245979147408125     
   10.920000000000000       -7.1258389691863995     
   10.949999999999999       -7.1277665415663254     
   10.980000000000000       -7.1303853229960366     
   11.010000000000000       -7.1337001588563940     
   11.039999999999999       -7.1377160887622288     
   11.070000000000000       -7.1424383887522973     
   11.100000000000000       -7.1478726157336014     
   11.129999999999999       -7.1540246542837478     
   11.160000000000000       -7.1609007659156596     
   11.190000000000000       -7.1685076409662969     
   11.219999999999999       -7.1768524532941003     
   11.250000000000000       -7.1859429180400847     
   11.279999999999999       -7.1957873527434506     
   11.309999999999999       -7.2063947421752115     
   11.340000000000000       -7.2177748073152346     
   11.369999999999999       -7.2299380789948842     
   11.400000000000000       -7.2428959768000079     
   11.430000000000000       -7.2566608939424357     
   11.459999999999999       -7.2712462889450418     
   11.490000000000000       -7.2866667851015459     
   11.520000000000000       -7.3029382788492230     
   11.549999999999999       -7.3200780583919203     
   11.580000000000000       -7.3381049341272568     
   11.609999999999999       -7.3570393826994751     
   11.639999999999999       -7.3769037068081706     
   11.670000000000000       -7.3977222133076728     
   11.699999999999999       -7.4195214125385975     
   11.730000000000000       -7.4423302424150455     
   11.760000000000000       -7.4661803214327600     
   11.789999999999999       -7.4911062355478704     
   11.820000000000000       -7.5171458648859284     
   11.850000000000000       -7.5443407574205104     
   11.879999999999999       -7.5727365582534336     
   11.910000000000000       -7.6023835050003656     
   11.940000000000000       -7.6333370020992497     
   11.969999999999999       -7.6656582898071122     
   12.000000000000000       -7.6994152273868606     
   12.029999999999999       -7.7346832147749245     
   12.059999999999999       -7.7715462832256863     
   12.090000000000000       -7.8100983934648891     
   12.119999999999999       -7.8504449905164932     
   12.150000000000000       -7.8927048784303961     
   12.180000000000000       -7.9370124970505760     
   12.209999999999999       -7.9835207085976698     
   12.240000000000000       -8.0324042370911499     
   12.270000000000000       -8.0838639526936493     
   12.299999999999999       -8.1381322624163630     
   12.330000000000000       -8.1954799680455004     
   12.359999999999999       -8.2562250974659346     
   12.389999999999999       -8.3207444317566015     
   12.420000000000000       -8.3894887790472641     
   12.449999999999999       -8.4630035577557710     
   12.480000000000000       -8.5419570692466547     
   12.510000000000000       -8.6271801860737920     
   12.539999999999999       -8.7197234752328665     
   12.570000000000000       -8.8209418389815362     
   12.600000000000000       -8.9326242910879348     
   12.629999999999999       -9.0572012355199796     
   12.660000000000000       -9.1980924162626749     
   12.690000000000000       -9.3603283555150636     
   12.719999999999999       -9.5517522097640466     
   12.750000000000000       -9.7856053870112714     
   12.779999999999999       -10.086998297542246     
   12.809999999999999       -10.513424325215006     
   12.840000000000000       -11.256782836808899     
   12.869999999999999       -13.697224347184022     
   12.900000000000000       -11.110192624370576     
   12.930000000000000       -10.462972900711552     
   12.959999999999999       -10.078595888478239     
   12.990000000000000       -9.8057534805733688     
   13.020000000000000       -9.5950313720265257     
   13.049999999999999       -9.4240036114230872     
   13.080000000000000       -9.2805738981161987     
   13.109999999999999       -9.1574673133772588     
   13.139999999999999       -9.0499653352888885     
   13.170000000000000       -8.9548321988317987     
   13.199999999999999       -8.8697517327291528     
   13.229999999999999       -8.7930085497948962     
   13.260000000000000       -8.7232964634806880     
   13.289999999999999       -8.6595976849849912     
   13.320000000000000       -8.6011035707812695     
   13.350000000000000       -8.5471608709895524     
   13.379999999999999       -8.4972342262577953     
   13.410000000000000       -8.4508793549397669     
   13.440000000000000       -8.4077234713306872     
   13.469999999999999       -8.3674507152002864     
   13.500000000000000       -8.3297911291697737     
   13.529999999999999       -8.2945121960295385     
   13.559999999999999       -8.2614122548479489     
   13.590000000000000       -8.2303153171719039     
   13.619999999999999       -8.2010669410989845     
   13.650000000000000       -8.1735309148233597     
   13.680000000000000       -8.1475865666608147     
   13.709999999999999       -8.1231265650865758     
   13.740000000000000       -8.1000551057810526     
   13.770000000000000       -8.0782864070429952     
   13.799999999999999       -8.0577434529687757     
   13.830000000000000       -8.0383569372237051     
   13.859999999999999       -8.0200643703721397     
   13.889999999999999       -8.0028093214624736     
   13.920000000000000       -7.9865407704992100     
   13.949999999999999       -7.9712125530101554     
   13.979999999999999       -7.9567828815610477     
   14.010000000000000       -7.9432139318329185     
   14.039999999999999       -7.9304714831563645     
   14.070000000000000       -7.9185246052012817     
   14.100000000000000       -7.9073453839036514     
   14.129999999999999       -7.8969086809069999     
   14.160000000000000       -7.8871919217375028     
   14.190000000000000       -7.8781749086721771     
   14.219999999999999       -7.8698396549340304     
   14.250000000000000       -7.8621702372995115     
   14.279999999999999       -7.8551526647259076     
   14.309999999999999       -7.8487747608831775     
   14.340000000000000       -7.8430260588055534     
   14.369999999999999       -7.8378977061508568     
   14.399999999999999       -7.8333823797369551     
   14.430000000000000       -7.8294742082226962     
   14.459999999999999       -7.8261687019334305     
   14.490000000000000       -7.8234626890313832     
   14.520000000000000       -7.8213542572206949     
   14.549999999999999       -7.8198427004391178     
   14.580000000000000       -7.8189284699143240     
   14.609999999999999       -7.8186131291762235     
   14.639999999999999       -7.8188993126078525     
   14.670000000000000       -7.8197906872013911     
   14.699999999999999       -7.8212919172528812     
   14.729999999999999       -7.8234086318008016     
   14.760000000000000       -7.8261473946183129     
   14.789999999999999       -7.8295156766736538     
   14.820000000000000       -7.8335218309982437     
   14.850000000000000       -7.8381750699503332     
   14.879999999999999       -7.8434854449174418     
   14.910000000000000       -7.8494638285789247     
   14.940000000000000       -7.8561218998371265     
   14.969999999999999       -7.8634721316714353     
   15.000000000000000       -7.8715277821491627     
   15.029999999999999       -7.8803028889401991     
   15.059999999999999       -7.8898122677395239     
   15.090000000000000       -7.9000715150481025     
   15.119999999999999       -7.9110970159029801     
   15.149999999999999       -7.9229059571408680     
   15.180000000000000       -7.9355163470033343     
   15.209999999999999       -7.9489470418646713     
   15.240000000000000       -7.9632177810959064     
   15.270000000000000       -7.9783492311428610     
   15.299999999999999       -7.9943630400936083     
   15.330000000000000       -8.0112819041747905     
   15.359999999999999       -8.0291296478295600     
   15.389999999999999       -8.0479313192623714     
   15.420000000000000       -8.0677133036502688     
   15.449999999999999       -8.0885034565341556     
   15.479999999999999       -8.1103312603254611     
   15.510000000000000       -8.1332280073549192     
   15.539999999999999       -8.1572270134408136     
   15.570000000000000       -8.1823638667657850     
   15.600000000000000       -8.2086767176291353     
   15.629999999999999       -8.2362066157812190     
   15.660000000000000       -8.2649979033975178     
   15.690000000000000       -8.2950986733996537     
   15.719999999999999       -8.3265613049290224     
   15.750000000000000       -8.3594430904628521     
   15.779999999999999       -8.3938069724184903     
   15.809999999999999       -8.4297224113506495     
   15.840000000000000       -8.4672664135378071     
   15.869999999999999       -8.5065247528077084     
   15.899999999999999       -8.5475934311114372     
   15.930000000000000       -8.5905804347568715     
   15.959999999999999       -8.6356078600696335     
   15.990000000000000       -8.6828145049153207     
   16.020000000000000       -8.7323590535125302     
   16.050000000000001       -8.7844240248742480     
   16.079999999999998       -8.8392207156470555     
   16.109999999999999       -8.8969954540204128     
   16.140000000000001       -8.9580376062168199     
   16.169999999999998       -9.0226899611695721     
   16.199999999999999       -9.0913623967309416     
   16.230000000000000       -9.1645501585805604     
   16.259999999999998       -9.2428587595138776     
   16.289999999999999       -9.3270386070065410     
   16.320000000000000       -9.4180343153370227     
   16.349999999999998       -9.5170568801518982     
   16.379999999999999       -9.6256927563996033     
   16.410000000000000       -9.7460750999708612     
   16.439999999999998       -9.8811652353387398     
   16.469999999999999       -10.035242264848607     
   16.500000000000000       -10.214818138935749     
   16.530000000000001       -10.430517129066395     
   16.559999999999999       -10.701473968487754     
   16.590000000000000       -11.067842111659711     
   16.620000000000001       -11.640580001216579     
   16.649999999999999       -13.074636640597424     
   16.680000000000000       -12.310164037084091     
   16.710000000000001       -11.416726786051345     
   16.739999999999998       -10.958137878365429     
   16.770000000000000       -10.648974229390721     
   16.800000000000001       -10.416310356503940     
   16.829999999999998       -10.230243930571991     
   16.859999999999999       -10.075551193331956     
   16.890000000000001       -9.9434144204540420     
   16.919999999999998       -9.8282636911696866     
   16.949999999999999       -9.7263531403067063     
   16.980000000000000       -9.6350409443558647     
   17.009999999999998       -9.5523929373334422     
   17.039999999999999       -9.4769496118339145     
   17.070000000000000       -9.4075818120953478     
   17.099999999999998       -9.3433974584231478     
   17.129999999999999       -9.2836790719349374     
   17.160000000000000       -9.2278406484068345     
   17.189999999999998       -9.1753971085662549     
   17.219999999999999       -9.1259421657026323     
   17.250000000000000       -9.0791319727649533     
   17.280000000000001       -9.0346728274907449     
   17.309999999999999       -8.9923117843574278     
   17.340000000000000       -8.9518293856539124     
   17.370000000000001       -8.9130339623354082     
   17.399999999999999       -8.8757571145047489     
   17.430000000000000       -8.8398500899112005     
   17.460000000000001       -8.8051808542138836     
   17.489999999999998       -8.7716317000514206     
   17.520000000000000       -8.7390972798578126     
   17.550000000000001       -8.7074829749751270     
   17.579999999999998       -8.6767035340690448     
   17.609999999999999       -8.6466819287347789     
   17.640000000000001       -8.6173483856488886     
   17.669999999999998       -8.5886395631245254     
   17.699999999999999       -8.5604978466549184     
   17.730000000000000       -8.5328707428381865     
   17.759999999999998       -8.5057103554244264     
   17.789999999999999       -8.4789729299912313     
   17.820000000000000       -8.4526184564047977     
   17.849999999999998       -8.4266103201195186     
   17.879999999999999       -8.4009149949365369     
   17.910000000000000       -8.3755017711515141     
   17.939999999999998       -8.3503425139242786     
   17.969999999999999       -8.3254114477428374     
   18.000000000000000       -8.3006849632914452     
   18.029999999999998       -8.2761414437981919     
   18.059999999999999       -8.2517611082979911     
   18.090000000000000       -8.2275258696491118     
   18.120000000000001       -8.2034192054956083     
   18.149999999999999       -8.1794260405486217     
   18.180000000000000       -8.1555326389502127     
   18.210000000000001       -8.1317265054539671     
   18.239999999999998       -8.1079962945375144     
   18.270000000000000       -8.0843317265107011     
   18.300000000000001       -8.0607235099357819     
   18.329999999999998       -8.0371632697024982     
   18.359999999999999       -8.0136434801860101     
   18.390000000000001       -7.9901574030198264     
   18.419999999999998       -7.9666990290467989     
   18.449999999999999       -7.9432630240994211     
   18.480000000000000       -7.9198446782704925     
   18.509999999999998       -7.8964398583456372     
   18.539999999999999       -7.8730449632200736     
   18.570000000000000       -7.8496568820259274     
   18.599999999999998       -7.8262729547409524     
   18.629999999999999       -7.8028909351917806     
   18.660000000000000       -7.7795089561779873     
   18.689999999999998       -7.7561254966600153     
   18.719999999999999       -7.7327393508573339     
   18.750000000000000       -7.7093495990854999     
   18.779999999999998       -7.6859555803259800     
   18.809999999999999       -7.6625568663416139     
   18.840000000000000       -7.6391532372681938     
   18.870000000000001       -7.6157446586719875     
   18.899999999999999       -7.5923312598777501     
   18.930000000000000       -7.5689133136062150     
   18.960000000000001       -7.5454912167886503     
   18.989999999999998       -7.5220654725383920     
   19.020000000000000       -7.4986366731958007     
   19.050000000000001       -7.4752054844409672     
   19.079999999999998       -7.4517726303565075     
   19.109999999999999       -7.4283388794667538     
   19.140000000000001       -7.4049050316761695     
   19.169999999999998       -7.3814719060751548     
   19.199999999999999       -7.3580403295903372     
   19.230000000000000       -7.3346111264199836     
   19.259999999999998       -7.3111851082540058     
   19.289999999999999       -7.2877630652368950     
   19.320000000000000       -7.2643457576522179     
   19.349999999999998       -7.2409339083013782     
   19.379999999999999       -7.2175281955470867     
   19.410000000000000       -7.1941292470328388     
   19.439999999999998       -7.1707376340205693     
   19.469999999999999       -7.1473538663574745     
   19.500000000000000       -7.1239783880477745     
   19.529999999999998       -7.1006115734262911     
   19.559999999999999       -7.0772537239096645     
   19.590000000000000       -7.0539050653148587     
   19.620000000000001       -7.0305657457557373     
   19.649999999999999       -7.0072358340979637     
   19.680000000000000       -6.9839153189603289     
   19.710000000000001       -6.9606041082774093     
   19.739999999999998       -6.9373020293973635     
   19.770000000000000       -6.9140088297519275     
   19.800000000000001       -6.8907241780479627     
   19.829999999999998       -6.8674476660264174     
   19.859999999999999       -6.8441788107666079     
   19.890000000000001       -6.8209170575545377     
   19.919999999999998       -6.7976617833026447     
   19.949999999999999       -6.7744123005541184     
   19.980000000000000       -6.7511678620436726     
   20.009999999999998       -6.7279276658644847     
   20.039999999999999       -6.7046908612119225     
   20.070000000000000       -6.6814565547421365     
   20.099999999999998       -6.6582238175413178     
   20.129999999999999       -6.6349916927259542     
   20.160000000000000       -6.6117592036826593     
   20.189999999999998       -6.5885253629675242     
   20.219999999999999       -6.5652891818638048     
   20.250000000000000       -6.5420496806353059     
   20.279999999999998       -6.5188058994725155     
   20.309999999999999       -6.4955569101547290     
   20.340000000000000       -6.4723018284377352     
   20.370000000000001       -6.4490398271977911     
   20.399999999999999       -6.4257701503253077     
   20.430000000000000       -6.4024921274030557     
   20.460000000000001       -6.3792051891693502     
   20.489999999999998       -6.3559088837905851     
   20.520000000000000       -6.3326028939491303     
   20.550000000000001       -6.3092870547606026     
   20.579999999999998       -6.2859613725270496     
   20.609999999999999       -6.2626260443399664     
   20.640000000000001       -6.2392814785288948     
   20.669999999999998       -6.2159283159684149     
   20.699999999999999       -6.1925674522307705     
   20.730000000000000       -6.1692000605857080     
   20.759999999999998       -6.1458276158335554     
   20.789999999999999       -6.1224519189554565     
   20.820000000000000       -6.0990751225624091     
   20.849999999999998       -6.0756997571019697     
   20.879999999999999       -6.0523287577993017     
   20.910000000000000       -6.0289654922700127     
   20.939999999999998       -6.0056137887595291     
   20.969999999999999       -5.9822779649275413     
   21.000000000000000       -5.9589628571015369     
   21.029999999999998       -5.9356738498989223     
   21.059999999999999       -5.9124169061031404     
   21.090000000000000       -5.8891985966632783     
   21.119999999999997       -5.8660261306611892     
   21.149999999999999       -5.8429073850778783     
   21.180000000000000       -5.8198509341611571     
   21.210000000000001       -5.7968660781746850     
   21.239999999999998       -5.7739628712767148     
   21.270000000000000       -5.7511521482580061     
   21.300000000000001       -5.7284455498343094     
   21.329999999999998       -5.7058555461479941     
   21.359999999999999       -5.6833954581239583     
   21.390000000000001       -5.6610794762746517     
   21.419999999999998       -5.6389226765173417     
   21.449999999999999       -5.6169410325459799     
   21.480000000000000       -5.5951514242688924     
   21.509999999999998       -5.5735716417786341     
   21.539999999999999       -5.5522203843214184     
   21.570000000000000       -5.5311172536972943     
   21.599999999999998       -5.5102827415111708     
   21.629999999999999       -5.4897382096937255     
   21.660000000000000       -5.4695058637108884     
   21.689999999999998       -5.4496087178933781     
   21.719999999999999       -5.4300705523445254     
   21.750000000000000       -5.4109158609262034     
   21.779999999999998       -5.3921697898751253     
   21.809999999999999       -5.3738580666734954     
   21.840000000000000       -5.3560069188923629     
   21.869999999999997       -5.3386429828302564     
   21.899999999999999       -5.3217932019010235     
   21.930000000000000       -5.3054847148678883     
   21.960000000000001       -5.2897447341898580     
   21.989999999999998       -5.2746004149216921     
   22.020000000000000       -5.2600787148070731     
   22.050000000000001       -5.2462062464055137     
   22.079999999999998       -5.2330091223020370     
   22.109999999999999       -5.2205127946617456     
   22.140000000000001       -5.2087418905895602     
   22.169999999999998       -5.1977200449511658     
   22.199999999999999       -5.1874697324782462     
   22.230000000000000       -5.1780121011319142     
   22.259999999999998       -5.1693668088031668     
   22.289999999999999       -5.1615518655054888     
   22.320000000000000       -5.1545834832392003     
   22.349999999999998       -5.1484759356843419     
   22.379999999999999       -5.1432414298015594     
   22.410000000000000       -5.1388899912940547     
   22.439999999999998       -5.1354293657002232     
   22.469999999999999       -5.1328649366578407     
   22.500000000000000       -5.1311996626079894     
   22.529999999999998       -5.1304340328966278     
   22.559999999999999       -5.1305660438942082     
   22.590000000000000       -5.1315911954015094     
   22.619999999999997       -5.1335025072473606     
   22.649999999999999       -5.1362905556278688     
   22.680000000000000       -5.1399435283989554     
   22.710000000000001       -5.1444472982169236     
   22.739999999999998       -5.1497855121437803     
   22.770000000000000       -5.1559396960990567     
   22.800000000000001       -5.1628893723446385     
   22.829999999999998       -5.1706121880614093     
   22.859999999999999       -5.1790840529813389     
   22.890000000000001       -5.1882792840134977     
   22.919999999999998       -5.1981707548155001     
   22.949999999999999       -5.2087300483270287     
   22.980000000000000       -5.2199276103846231     
   23.009999999999998       -5.2317329026734205     
   23.039999999999999       -5.2441145534372025     
   23.070000000000000       -5.2570405045526822     
   23.099999999999998       -5.2704781537708314     
   23.129999999999999       -5.2843944911344121     
   23.160000000000000       -5.2987562287820209     
   23.189999999999998       -5.3135299235544364     
   23.219999999999999       -5.3286820920027651     
   23.250000000000000       -5.3441793175778516     
   23.279999999999998       -5.3599883499455263     
   23.309999999999999       -5.3760761965054371     
   23.340000000000000       -5.3924102063267831     
   23.369999999999997       -5.4089581468091055     
   23.399999999999999       -5.4256882734675722     
   23.430000000000000       -5.4425693933059121     
   23.460000000000001       -5.4595709222878748     
   23.489999999999998       -5.4766629374520521     
   23.520000000000000       -5.4938162242284854     
   23.550000000000001       -5.5110023195225759     
   23.579999999999998       -5.5281935511190232     
   23.609999999999999       -5.5453630739409263     
   23.640000000000001       -5.5624849036747763     
   23.669999999999998       -5.5795339482296580     
   23.699999999999999       -5.5964860374690524     
   23.730000000000000       -5.6133179515976410     
   23.759999999999998       -5.6300074485479055     
   23.789999999999999       -5.6465332906549399     
   23.820000000000000       -5.6628752708610550     
   23.849999999999998       -5.6790142386382794     
   23.879999999999999       -5.6949321257722669     
   23.910000000000000       -5.7106119720969311     
   23.939999999999998       -5.7260379512297046     
   23.969999999999999       -5.7411953963091475     
   24.000000000000000       -5.7560708257008937     
   24.029999999999998       -5.7706519686019444     
   24.059999999999999       -5.7849277904398564     
   24.090000000000000       -5.7988885179346594     
   24.119999999999997       -5.8125256636761380     
   24.149999999999999       -5.8258320500415870     
   24.180000000000000       -5.8388018322682935     
   24.210000000000001       -5.8514305204903980     
   24.239999999999998       -5.8637150005380656     
   24.270000000000000       -5.8756535533011141     
   24.300000000000001       -5.8872458724559644     
   24.329999999999998       -5.8984930803677207     
   24.359999999999999       -5.9093977419839083     
   24.390000000000001       -5.9199638765468832     
   24.419999999999998       -5.9301969669663661     
   24.449999999999999       -5.9401039667069817     
   24.480000000000000       -5.9496933040611655     
   24.509999999999998       -5.9589748836883292     
   24.539999999999999       -5.9679600853206978     
   24.570000000000000       -5.9766617595437799     
   24.599999999999998       -5.9850942205727016     
   24.629999999999999       -5.9932732359569583     
   24.660000000000000       -6.0012160131481727     
   24.689999999999998       -6.0089411828767281     
   24.719999999999999       -6.0164687792809666     
   24.750000000000000       -6.0238202167359667     
   24.779999999999998       -6.0310182633279581     
   24.809999999999999       -6.0380870109176881     
   24.840000000000000       -6.0450518417354138     
   24.869999999999997       -6.0519393914462194     
   24.899999999999999       -6.0587775086205085     
   24.930000000000000       -6.0655952105556805     
   24.960000000000001       -6.0724226353839281     
   24.989999999999998       -6.0792909904272818     
   25.020000000000000       -6.0862324967584565     
   25.050000000000001       -6.0932803299595895     
   25.079999999999998       -6.1004685570973516     
   25.109999999999999       -6.1078320699665118     
   25.140000000000001       -6.1154065147069563     
   25.169999999999998       -6.1232282179604942     
   25.199999999999999       -6.1313341097993117     
   25.230000000000000       -6.1397616437424709     
   25.259999999999998       -6.1485487142730406     
   25.289999999999999       -6.1577335723689277     
   25.320000000000000       -6.1673547396816284     
   25.349999999999998       -6.1774509221165852     
   25.379999999999999       -6.1880609237043984     
   25.410000000000000       -6.1992235617952538     
   25.439999999999998       -6.2109775847392745     
   25.469999999999999       -6.2233615933779403     
   25.500000000000000       -6.2364139678031840     
   25.529999999999998       -6.2501728009865003     
   25.559999999999999       -6.2646758410250758     
   25.590000000000000       -6.2799604438796655     
   25.619999999999997       -6.2960635386011212     
   25.649999999999999       -6.3130216071803451     
   25.680000000000000       -6.3308706812563962     
   25.709999999999997       -6.3496463580444411     
   25.739999999999998       -6.3693838379615002     
   25.770000000000000       -6.3901179865632658     
   25.800000000000001       -6.4118834235455502     
   25.829999999999998       -6.4347146417600012     
   25.859999999999999       -6.4586461594092945     
   25.890000000000001       -6.4837127088906241     
   25.919999999999998       -6.5099494661361454     
   25.949999999999999       -6.5373923248000434     
   25.980000000000000       -6.5660782203049708     
   26.009999999999998       -6.5960455095959514     
   26.039999999999999       -6.6273344135906500     
   26.070000000000000       -6.6599875307081380     
   26.099999999999998       -6.6940504317467333     
   26.129999999999999       -6.7295723487367445     
   26.160000000000000       -6.7666069734901146     
   26.189999999999998       -6.8052133855267689     
   26.219999999999999       -6.8454571342167831     
   26.250000000000000       -6.8874115066939225     
   26.279999999999998       -6.9311590218979537     
   26.309999999999999       -6.9767932027362889     
   26.340000000000000       -7.0244206938845908     
   26.369999999999997       -7.0741638136304523     
   26.399999999999999       -7.1261636566406965     
   26.430000000000000       -7.1805839037991772     
   26.459999999999997       -7.2376155501389512     
   26.489999999999998       -7.2974828397882394     
   26.520000000000000       -7.3604508091895315     
   26.550000000000001       -7.4268350048385665     
   26.579999999999998       -7.4970141888927202     
   26.609999999999999       -7.5714472243860751     
   26.640000000000001       -7.6506959254786979     
   26.669999999999998       -7.7354566157302891     
   26.699999999999999       -7.8266047307867135     
   26.730000000000000       -7.9252595492597520     
   26.759999999999998       -8.0328810720691095     
   26.789999999999999       -8.1514203772427472     
   26.820000000000000       -8.2835633550511538     
   26.849999999999998       -8.4331474638545760     
   26.879999999999999       -8.6059237185120327     
   26.910000000000000       -8.8110766183194098     
   26.939999999999998       -9.0646370446977169     
   26.969999999999999       -9.3985884019299348     
   27.000000000000000       -9.8930973003029639     
   27.029999999999998       -10.886448723936923     
   27.059999999999999       -11.280524477155947     
   27.090000000000000       -10.043234972488335     
   27.119999999999997       -9.5127810593847091     
   27.149999999999999       -9.1720070314385609     
   27.180000000000000       -8.9212302294759578     
   27.209999999999997       -8.7231366105505010     
   27.239999999999998       -8.5596285598744739     
   27.270000000000000       -8.4205416967342508     
   27.300000000000001       -8.2995925083508180     
   27.329999999999998       -8.1926230038532584     
   27.359999999999999       -8.0967378924775844     
   27.390000000000001       -8.0098396362270723     
   27.419999999999998       -7.9303596809335861     
   27.449999999999999       -7.8570942174407632     
   27.480000000000000       -7.7890991865729058     
   27.509999999999998       -7.7256205975151548     
   27.539999999999999       -7.6660467983441398     
   27.570000000000000       -7.6098748871313733     
   27.599999999999998       -7.5566865141387121     
   27.629999999999999       -7.5061300883685416     
   27.660000000000000       -7.4579074544428234     
   27.689999999999998       -7.4117637545053006     
   27.719999999999999       -7.3674796014202943     
   27.750000000000000       -7.3248649569055786     
   27.779999999999998       -7.2837542861358413     
   27.809999999999999       -7.2440026808962674     
   27.840000000000000       -7.2054827267767747     
   27.869999999999997       -7.1680819482920901     
   27.899999999999999       -7.1317007076135868     
   27.930000000000000       -7.0962504627366654     
   27.959999999999997       -7.0616523129549345     
   27.989999999999998       -7.0278357759208863     
   28.020000000000000       -6.9947377527761363     
   28.050000000000001       -6.9623016471563153     
   28.079999999999998       -6.9304766108869540     
   28.109999999999999       -6.8992168947351518     
   28.140000000000001       -6.8684812867095388     
   28.169999999999998       -6.8382326238219973     
   28.199999999999999       -6.8084373657654158     
   28.230000000000000       -6.7790652210752329     
   28.259999999999998       -6.7500888180014531     
   28.289999999999999       -6.7214834136269541     
   28.320000000000000       -6.6932266358784416     
   28.349999999999998       -6.6652982539308390     
   28.379999999999999       -6.6376799732328680     
   28.410000000000000       -6.6103552519496409     
   28.439999999999998       -6.5833091361476148     
   28.469999999999999       -6.5565281113902749     
   28.500000000000000       -6.5299999687963100     
   28.529999999999998       -6.5037136838649365     
   28.559999999999999       -6.4776593066128356     
   28.590000000000000       -6.4518278617751381     
   28.619999999999997       -6.4262112579623647     
   28.649999999999999       -6.4008022048470705     
   28.680000000000000       -6.3755941375367335     
   28.709999999999997       -6.3505811474091001     
   28.739999999999998       -6.3257579187774216     
   28.770000000000000       -6.3011196708201815     
   28.799999999999997       -6.2766621042823427     
   28.829999999999998       -6.2523813525003629     
   28.859999999999999       -6.2282739363665351     
   28.890000000000001       -6.2043367228834727     
   28.919999999999998       -6.1805668869949724     
   28.949999999999999       -6.1569618764162968     
   28.980000000000000       -6.1335193792105214     
   29.009999999999998       -6.1102372938914256     
   29.039999999999999       -6.0871137018475041     
   29.070000000000000       -6.0641468419000555     
   29.099999999999998       -6.0413350868358071     
   29.129999999999999       -6.0186769217619842     
   29.160000000000000       -5.9961709241446428     
   29.189999999999998       -5.9738157454124350     
   29.219999999999999       -5.9516100940030316     
   29.250000000000000       -5.9295527197617348     
   29.279999999999998       -5.9076423995890384     
   29.309999999999999       -5.8858779242542809     
   29.340000000000000       -5.8642580862955027     
   29.369999999999997       -5.8427816689384722     
   29.399999999999999       -5.8214474359591604     
   29.430000000000000       -5.8002541224402666     
   29.459999999999997       -5.7792004263560033     
   29.489999999999998       -5.7582850009423838     
   29.520000000000000       -5.7375064477965472     
   29.549999999999997       -5.7168633106724434     
   29.579999999999998       -5.6963540699209521     
   29.609999999999999       -5.6759771375506158     
   29.640000000000001       -5.6557308528594668     
   29.669999999999998       -5.6356134786232222     
   29.699999999999999       -5.6156231977937896     
   29.730000000000000       -5.5957581106975658     
   29.759999999999998       -5.5760162326941245     
   29.789999999999999       -5.5563954922814176     
   29.820000000000000       -5.5368937296230367     
   29.849999999999998       -5.5175086954782193     
   29.879999999999999       -5.4982380505128337     
   29.910000000000000       -5.4790793649830842     
   29.939999999999998       -5.4600301187637603     
   29.969999999999999       -5.4410877017153556     
   30.000000000000000       -5.4222494143735709     
