   5.0000000000000003E-002  0.26179938779914941     
  0.10000000000000001       0.26115234018639311     
  0.15000000000000002       0.25985980759622140     
  0.20000000000000001       0.25792491233396903     
  0.25000000000000000       0.25535233043193084     
  0.30000000000000004       0.25214828270439815     
  0.35000000000000003       0.24832052276548544     
  0.40000000000000002       0.24387832196470804     
  0.45000000000000001       0.23883245118717913     
  0.50000000000000000       0.23319515945922309     
  0.55000000000000004       0.22698014929647053     
  0.60000000000000009       0.22020254873037609     
  0.65000000000000002       0.21287887995080088     
  0.70000000000000007       0.20502702450698448     
  0.75000000000000000       0.19666618501699096     
  0.80000000000000004       0.18781684334657381     
  0.85000000000000009       0.17850071523232411     
  0.90000000000000002       0.16874070134082472     
  0.95000000000000007       0.15856083477514510     
   1.0000000000000000       0.14798622506211598     
   1.0500000000000000       0.13704299867809686     
   1.1000000000000001       0.12575823619700396     
   1.1500000000000001       0.11415990617176136     
   1.2000000000000002       0.10227679588858664     
   1.2500000000000000        9.0138439162101625E-002
   1.3000000000000000        7.7775041367621256E-002
   1.3500000000000001        6.5217401934562283E-002
   1.4000000000000001        5.2496834551171462E-002
   1.4500000000000002        3.9645085355160085E-002
   1.5000000000000000        2.6694249406837497E-002
   1.5500000000000000        1.3676685760493362E-002
   1.6000000000000001        6.2493146567459829E-004
   1.6500000000000001       -1.2428385157706660E-002
   1.7000000000000002       -2.5450631618082267E-002
   1.7500000000000000       -3.8409258368046859E-002
   1.8000000000000000       -5.1271885580378970E-002
   1.8500000000000001       -6.4006389231317795E-002
   1.9000000000000001       -7.6580986146182528E-002
   1.9500000000000002       -8.8964317674350979E-002
   2.0000000000000000      -0.10112553167617920     
   2.0500000000000003      -0.11303436252330551     
   2.1000000000000001      -0.12466120883553480     
   2.1499999999999999      -0.13597720870168023     
   2.2000000000000002      -0.14695431215784072     
   2.2500000000000000      -0.15756535072407826     
   2.3000000000000003      -0.16778410382877168     
   2.3500000000000001      -0.17758536197850561     
   2.4000000000000004      -0.18694498655965733     
   2.4500000000000002      -0.19583996618534183     
   2.5000000000000000      -0.20424846952757927     
   2.5500000000000003      -0.21214989459901007     
   2.6000000000000001      -0.21952491447081077     
   2.6500000000000004      -0.22635551943332580     
   2.7000000000000002      -0.23262505562306268     
   2.7500000000000000      -0.23831826015390384     
   2.8000000000000003      -0.24342129280154551     
   2.8500000000000001      -0.24792176429823007     
   2.9000000000000004      -0.25180876129981261     
   2.9500000000000002      -0.25507286808918322     
   3.0000000000000000      -0.25770618507920395     
   3.0500000000000003      -0.25970234417482624     
   3.1000000000000001      -0.26105652104819482     
   3.1500000000000004      -0.26176544437262961     
   3.2000000000000002      -0.26182740205176158     
   3.2500000000000000      -0.26124224446916594     
   3.3000000000000003      -0.26001138477199742     
   3.3500000000000001      -0.25813779618981625     
   3.4000000000000004      -0.25562600637743349     
   3.4500000000000002      -0.25248208875864159     
   3.5000000000000000      -0.24871365083655766     
   3.5500000000000003      -0.24432981942640822     
   3.6000000000000001      -0.23934122275831574     
   3.6500000000000004      -0.23375996939136917     
   3.7000000000000002      -0.22759962387629165     
   3.7500000000000000      -0.22087517910263468     
   3.8000000000000003      -0.21360302526785124     
   3.8500000000000001      -0.20580091540999215     
   3.9000000000000004      -0.19748792745323276     
   3.9500000000000002      -0.18868442272600250     
   4.0000000000000000      -0.17941200092511889     
   4.0499999999999998      -0.16969345151591309     
   4.1000000000000005      -0.15955270157769155     
   4.1500000000000004      -0.14901476012575804     
   4.2000000000000002      -0.13810565896530175     
   4.2500000000000000      -0.12685239015836000     
   4.2999999999999998      -0.11528284021235118     
   4.3500000000000005      -0.10342572112686266     
   4.4000000000000004       -9.1310498463949299E-002
   4.4500000000000002       -7.8967316635605384E-002
   4.5000000000000000       -6.6426921629760161E-002
   4.5499999999999998       -5.3720581422555605E-002
   4.6000000000000005       -4.0880004349254546E-002
   4.6500000000000004       -2.7937255728381585E-002
   4.7000000000000002       -1.4924673053148096E-002
   4.7500000000000000       -1.8747800804368182E-003
   4.8000000000000007        1.1179799839729936E-002
   4.8500000000000005        2.4206430842518716E-002
   4.9000000000000004        3.7172551677940341E-002
   4.9500000000000002        5.0045762534763408E-002
   5.0000000000000000        6.2793911205181879E-002
   5.0500000000000007        7.5385178244382553E-002
   5.1000000000000005        8.7788160790725350E-002
   5.1500000000000004        9.9971954727479578E-002
   5.2000000000000002       0.11190623488562232     
   5.2500000000000000       0.12356133300869999     
   5.3000000000000007       0.13490831322472413     
   5.3500000000000005       0.14591904479601306     
   5.4000000000000004       0.15656627194526787     
   5.4500000000000002       0.16682368058442898     
   5.5000000000000000       0.17666596180143984     
   5.5500000000000007       0.18606887198839794     
   5.6000000000000005       0.19500928952217009     
   5.6500000000000004       0.20346526793489689     
   5.7000000000000002       0.21141608553645677     
   5.7500000000000000       0.21884229147350751     
   5.8000000000000007       0.22572574822983371     
   5.8500000000000005       0.23204967059013223     
   5.9000000000000004       0.23779866110385928     
   5.9500000000000002       0.24295874209721571     
   6.0000000000000000       0.24751738428970024     
   6.0500000000000007       0.25146353207692623     
   6.1000000000000005       0.25478762554366036     
   6.1500000000000004       0.25748161927044177     
   6.2000000000000002       0.25953899799388946     
   6.2500000000000000       0.26095478917515819     
   6.3000000000000007       0.26172557252327217     
   6.3500000000000005       0.26184948651059586     
   6.4000000000000004       0.26132623190687720     
   6.4500000000000002       0.26015707234652946     
   6.5000000000000000       0.25834483193152735     
   6.5500000000000007       0.25589388985991890     
   6.6000000000000005       0.25281017205793532     
   6.6500000000000004       0.24910113978244494     
   6.7000000000000002       0.24477577515046289     
   6.7500000000000000       0.23984456354398787     
   6.8000000000000007       0.23431947283195326     
   6.8500000000000005       0.22821392934687837     
   6.9000000000000004       0.22154279055216305     
   6.9500000000000002       0.21432231433711527     
   7.0000000000000000       0.20657012488090401     
   7.0500000000000007       0.19830517503379610     
   7.1000000000000005       0.18954770517430411     
   7.1500000000000004       0.18031919851421263     
   7.2000000000000002       0.17064233283975866     
   7.2500000000000000       0.16054092869634465     
   7.3000000000000007       0.15003989404581305     
   7.3500000000000005       0.13916516544919807     
   7.4000000000000004       0.12794364585361642     
   7.4500000000000002       0.11640313908913402     
   7.5000000000000000       0.10457228120957032     
   7.5500000000000007        9.2480468839759286E-002
   7.6000000000000005        8.0157784720233438E-002
   7.6500000000000004        6.7634920668077345E-002
   7.7000000000000002        5.4943098199251993E-002
   7.7500000000000000        4.2113987082477544E-002
   7.8000000000000007        2.9179622117261408E-002
   7.8500000000000005        1.6172318448394486E-002
   7.9000000000000004        3.1245857457881058E-003
   7.9500000000000002       -9.9309584084721486E-003
   8.0000000000000000       -2.2961675574805124E-002
   8.0500000000000007       -3.5934993596351619E-002
   8.0999999999999996       -4.8818493467538568E-002
   8.1500000000000004       -6.1579995576965842E-002
   8.2000000000000011       -7.4187644977856543E-002
   8.2500000000000000       -8.6609995350513266E-002
   8.3000000000000007       -9.8816091336115852E-002
   8.3499999999999996      -0.11077554893945617     
   8.4000000000000004      -0.12245863371943894     
   8.4500000000000011      -0.13383633650993171     
   8.5000000000000000      -0.14488044643932202     
   8.5500000000000007      -0.15556362104440274     
   8.5999999999999996      -0.16585945330240431     
   8.6500000000000004      -0.17574253543356624     
   8.7000000000000011      -0.18518851935503847     
   8.7500000000000000      -0.19417417369459503     
   8.8000000000000007      -0.20267743729912954     
   8.8499999999999996      -0.21067746919772914     
   8.9000000000000004      -0.21815469500188694     
   8.9500000000000011      -0.22509084974577043     
   9.0000000000000000      -0.23146901718713464     
   9.0500000000000007      -0.23727366560424754     
   9.0999999999999996      -0.24249068013594111     
   9.1500000000000004      -0.24710739172055271     
   9.2000000000000011      -0.25111260269508051     
   9.2500000000000000      -0.25449660911842076     
   9.3000000000000007      -0.25725121988222183     
   9.3499999999999996      -0.25936977266988182     
   9.4000000000000004      -0.26084714681878618     
   9.4500000000000011      -0.26167977313333557     
   9.5000000000000000      -0.26186564068699414     
   9.5500000000000007      -0.26140430064087800     
   9.6000000000000014      -0.26029686709470534     
   9.6500000000000004      -0.25854601497367058     
   9.7000000000000011      -0.25615597494242076     
   9.7500000000000000      -0.25313252532523900     
   9.8000000000000007      -0.24948298100021130     
   9.8500000000000014      -0.24521617922498590     
   9.9000000000000004      -0.24034246234312490     
   9.9500000000000011      -0.23487365731336257     
   10.000000000000000      -0.22882305199965103     
   10.050000000000001      -0.22220536815797653     
   10.100000000000001      -0.21503673105680060     
   10.150000000000000      -0.20733463567179397     
   10.200000000000001      -0.19911790940240207     
   10.250000000000000      -0.19040667126775229     
   10.300000000000001      -0.18122228755246292     
   10.350000000000001      -0.17158732388894415     
   10.400000000000000      -0.16152549378162664     
   10.450000000000001      -0.15106160359997209     
   10.500000000000000      -0.14022149409080809     
   10.550000000000001      -0.12903197848611594     
   10.600000000000001      -0.11752077730945806     
   10.650000000000000      -0.10571645001228769     
   10.700000000000001       -9.3648323599922464E-002
   10.750000000000000       -8.1346418435445544E-002
   10.800000000000001       -6.8841371437665763E-002
   10.850000000000001       -5.6164356915964719E-002
   10.900000000000000       -4.3347005309836914E-002
   10.950000000000001       -3.0421320123668674E-002
   11.000000000000000       -1.7419593367321413E-002
   11.050000000000001       -4.3743198299558972E-003
   11.100000000000001        8.6818894721090480E-003
   11.150000000000000        2.1716394323159027E-002
   11.200000000000001        3.4696612455588097E-002
   11.250000000000000        4.7590106459867075E-002
   11.300000000000001        6.0364670102469736E-002
   11.350000000000001        7.2988413704128841E-002
   11.400000000000000        8.5429848241628067E-002
   11.450000000000001        9.7657967850888455E-002
   11.500000000000000       0.10964233042706167     
   11.550000000000001       0.12135313603831029     
   11.600000000000001       0.13276130289348853     
   11.650000000000000       0.14383854062954191     
   11.700000000000001       0.15455742071158737     
   11.750000000000000       0.16489144376676915     
   11.800000000000001       0.17481510370154635     
   11.850000000000001       0.18430394848050727     
   11.900000000000000       0.19333463747258681     
   11.950000000000001       0.20188499529718626     
   12.000000000000000       0.20993406212769916     
   12.050000000000001       0.21746214043292353     
   12.100000000000001       0.22445083815744182     
   12.150000000000000       0.23088310835998854     
   12.200000000000001       0.23674328534388750     
   12.250000000000000       0.24201711732568212     
   12.300000000000001       0.24669179569702906     
   12.350000000000001       0.25075598094077955     
   12.400000000000000       0.25419982526499929     
   12.450000000000001       0.25701499201861400     
   12.500000000000000       0.25919467194960338     
   12.550000000000001       0.26073359636145765     
   12.600000000000001       0.26162804721625049     
   12.650000000000000       0.26187586422351816     
   12.700000000000001       0.26147644894353839     
   12.750000000000000       0.26043076592198128     
   12.800000000000001       0.25874134086068074     
   12.850000000000001       0.25641225581688326     
   12.900000000000000       0.25344914141120883     
   12.950000000000001       0.24985916601314129     
   13.000000000000000       0.24565102186256832     
   13.050000000000001       0.24083490807711797     
   13.100000000000001       0.23542251048815291     
   13.150000000000000       0.22942697824362215     
   13.200000000000001       0.22286289711381821     
   13.250000000000000       0.21574625943668579     
   13.300000000000001       0.20809443064285393     
   13.350000000000001       0.19992611230713841     
   13.400000000000000       0.19126130168293656     
   13.450000000000001       0.18212124768869370     
   13.500000000000000       0.17252840333137265     
   13.550000000000001       0.16250637457044226     
   13.600000000000001       0.15207986564708539     
   13.650000000000000       0.14127462092681339     
   13.700000000000001       0.13011736332909546     
   13.750000000000000       0.11863572944454884     
   13.800000000000001       0.10685820146821776     
   13.850000000000001        9.4814036105984961E-002
   13.900000000000000        8.2533190639670795E-002
   13.950000000000001        7.0046246364326048E-002
   14.000000000000000        5.7384329638057015E-002
   14.050000000000001        4.4579030809886948E-002
   14.100000000000001        3.1662321314133483E-002
   14.150000000000000        1.8666469240081411E-002
   14.200000000000001        5.6239537029193903E-003
   14.250000000000000       -7.4326216443837065E-003
   14.300000000000001       -2.0470615608661515E-002
   14.350000000000001       -3.3457436608064321E-002
   14.400000000000000       -4.6360629620180532E-002
   14.450000000000001       -5.9147962571814407E-002
   14.500000000000000       -7.1787511821959471E-002
   14.550000000000001       -8.4247746399971277E-002
   14.600000000000001       -9.6497610675152459E-002
   14.650000000000000      -0.10850660515160696     
   14.700000000000001      -0.12024486510291796     
   14.750000000000000      -0.13168323678451302     
   14.800000000000001      -0.14279335098700829     
   14.850000000000001      -0.15354769372084442     
   14.900000000000000      -0.16391967385058853     
   14.950000000000001      -0.17388368752582162     
   15.000000000000000      -0.18341517928400433     
   15.050000000000001      -0.19249069972858102     
   15.100000000000001      -0.20108795971233595     
   15.150000000000000      -0.20918588098119412     
   15.200000000000001      -0.21676464325684514     
   15.250000000000000      -0.22380572775741128     
   15.300000000000001      -0.23029195717358386     
   15.350000000000001      -0.23620753213299753     
   15.400000000000000      -0.24153806419794646     
   15.450000000000001      -0.24627060545079094     
   15.500000000000000      -0.25039367472755053     
   15.550000000000001      -0.25389728056329264     
   15.600000000000001      -0.25677294091312891     
   15.650000000000000      -0.25901369971011817     
   15.700000000000001      -0.26061414031638580     
   15.750000000000000      -0.26157039591660231     
   15.800000000000001      -0.26188015689395577     
   15.850000000000001      -0.26154267521827712     
   15.900000000000000      -0.26055876586443549     
   15.950000000000001      -0.25893080526693685     
   16.000000000000000      -0.25666272680426322     
   16.050000000000001      -0.25376001329432485     
   16.100000000000001      -0.25022968647089261     
   16.150000000000002      -0.24608029340045712     
   16.199999999999999      -0.24132188979002481     
   16.250000000000000      -0.23596602012928017     
   16.300000000000001      -0.23002569460565525     
   16.350000000000001      -0.22351536272844535     
   16.400000000000002      -0.21645088359843476     
   16.449999999999999      -0.20884949276273662     
   16.500000000000000      -0.20072976560083108     
   16.550000000000001      -0.19211157719716265     
   16.600000000000001      -0.18301605866812412     
   16.650000000000002      -0.17346554992672486     
   16.699999999999999      -0.16348354888656363     
   16.750000000000000      -0.15309465712767428     
   16.800000000000001      -0.14232452207009283     
   16.850000000000001      -0.13119977572624880     
   16.900000000000002      -0.11974797013009540     
   16.949999999999999      -0.10799750956879643     
   17.000000000000000       -9.5977579771276078E-002
   17.050000000000001       -8.3718074236472984E-002
   17.100000000000001       -7.1249517912168894E-002
   17.150000000000002       -5.8602988462225801E-002
   17.199999999999999       -4.5810035385413631E-002
   17.250000000000000       -3.2902597272217490E-002
   17.300000000000001       -1.9912917506588974E-002
   17.350000000000001       -6.8734587371101531E-003
   17.400000000000002        6.1831835439064807E-003
   17.449999999999999        1.9224367964560653E-002
   17.500000000000000        3.2217494425611740E-002
   17.550000000000001        4.5130091083498317E-002
   17.600000000000001        5.7929900808772042E-002
   17.650000000000002        7.0584966770688942E-002
   17.699999999999999        8.3063716808794014E-002
   17.750000000000000        9.5335046266197820E-002
   17.800000000000001       0.10736839897657457     
   17.850000000000001       0.11913384611733455     
   17.900000000000002       0.13060216266450361     
   17.949999999999999       0.14174490121009045     
   18.000000000000000       0.15253446292961362     
   18.050000000000001       0.16294416551544735     
   18.100000000000001       0.17294830792016760     
   18.150000000000002       0.18252223178258395     
   18.199999999999999       0.19164237943709006     
   18.250000000000000       0.20028634843384763     
   18.300000000000001       0.20843294252266553     
   18.350000000000001       0.21606221907683051     
   18.400000000000002       0.22315553295422491     
   18.449999999999999       0.22969557681153444     
   18.500000000000000       0.23566641790297504     
   18.550000000000001       0.24105353140759533     
   18.600000000000001       0.24584383033875240     
   18.650000000000002       0.25002569209580217     
   18.699999999999999       0.25358898172144284     
   18.750000000000000       0.25652507192862617     
   18.800000000000001       0.25882685995868648     
   18.850000000000001       0.26048878132757475     
   18.900000000000002       0.26150682051011148     
   18.949999999999999       0.26187851860332506     
   19.000000000000000       0.26160297799958981     
   19.050000000000001       0.26068086408882057     
   19.100000000000001       0.25911440399683872     
   19.150000000000002       0.25690738235463106     
   19.200000000000003       0.25406513408101633     
   19.250000000000000       0.25059453414964666     
   19.300000000000001       0.24650398430073134     
   19.350000000000001       0.24180339664877237     
   19.400000000000002       0.23650417413032970     
   19.450000000000003       0.23061918773072154     
   19.500000000000000       0.22416275042591408     
   19.550000000000001       0.21715058777590956     
   19.600000000000001       0.20959980510889697     
   19.650000000000002       0.20152885124141418     
   19.700000000000003       0.19295747868885105     
   19.750000000000000       0.18390670033279571     
   19.800000000000001       0.17439874252691434     
   19.850000000000001       0.16445699464111338     
   19.900000000000002       0.15410595506444127     
   19.950000000000003       0.14337117371025870     
   20.000000000000000       0.13227919109228795     
   20.050000000000001       0.12085747406683521     
   20.100000000000001       0.10913434836429931     
   20.150000000000002        9.7138928061535179E-002
   20.200000000000003        8.4901042175195618E-002
   20.250000000000000        7.2451158584275949E-002
   20.300000000000001        5.9820305517175973E-002
   20.350000000000001        4.7039990864119724E-002
   20.400000000000002        3.4142119599207141E-002
   20.450000000000003        2.1158909617219140E-002
   20.500000000000000        8.1228063081132083E-003
   20.550000000000001       -4.9336037934543213E-003
   20.600000000000001       -1.7977679935574038E-002
   20.650000000000002       -3.0976814298787275E-002
   20.700000000000003       -4.3898519010745013E-002
   20.750000000000000       -5.6710512670095040E-002
   20.800000000000001       -6.9380806029581049E-002
   20.850000000000001       -8.1877786498056118E-002
   20.900000000000002       -9.4170301134627057E-002
   20.950000000000003      -0.10622773782515982     
   21.000000000000000      -0.11802010435152195     
   21.050000000000001      -0.12951810508678360     
   21.100000000000001      -0.14069321507466159     
   21.150000000000002      -0.15151775127824837     
   21.200000000000003      -0.16196494081097421     
   21.250000000000000      -0.17200898599124584     
   21.300000000000001      -0.18162512609073486     
   21.350000000000001      -0.19078969567431192     
   21.400000000000002      -0.19948017945662772     
   21.450000000000003      -0.20767526362585498     
   21.500000000000000      -0.21535488360870333     
   21.550000000000001      -0.22250026827213379     
   21.600000000000001      -0.22909398057592803     
   21.650000000000002      -0.23511995470617389     
   21.700000000000003      -0.24056352973264727     
   21.750000000000000      -0.24541147984290981     
   21.800000000000001      -0.24965204121267962     
   21.850000000000001      -0.25327493557571745     
   21.900000000000002      -0.25627139055721926     
   21.950000000000003      -0.25863415683269442     
   22.000000000000000      -0.26035752216977315     
   22.050000000000001      -0.26143732240361106     
   22.100000000000001      -0.26187094938787564     
   22.150000000000002      -0.26165735595307404     
   22.200000000000003      -0.26079705789261215     
   22.250000000000000      -0.25929213298487969     
   22.300000000000001      -0.25714621704726820     
   22.350000000000001      -0.25436449700578417     
   22.400000000000002      -0.25095370095225628     
   22.450000000000003      -0.24692208515047559     
   22.500000000000000      -0.24227941794335642     
   22.550000000000001      -0.23703696050574280     
   22.600000000000001      -0.23120744438215357     
   22.650000000000002      -0.22480504574586044     
   22.700000000000003      -0.21784535631547969     
   22.750000000000000      -0.21034535086792960     
   22.800000000000001      -0.20232335129229592     
   22.850000000000001      -0.19379898713793167     
   22.900000000000002      -0.18479315262199555     
   22.950000000000003      -0.17532796007653906     
   23.000000000000000      -0.16542668983304373     
   23.050000000000001      -0.15511373656277633     
   23.100000000000001      -0.14441455211418927     
   23.150000000000002      -0.13335558491350047     
   23.200000000000003      -0.12196421602113518     
   23.250000000000000      -0.11026869196444489     
   23.300000000000001       -9.8298054495535220E-002
   23.350000000000001       -8.6082067451603739E-002
   23.400000000000002       -7.3651140923357644E-002
   23.450000000000003       -6.1036252964291916E-002
   23.500000000000000       -4.8268869099307415E-002
   23.550000000000001       -3.5380859914804726E-002
   23.600000000000001       -2.2404417033504227E-002
   23.650000000000002       -9.3719677953666061E-003
   23.700000000000003        3.6839110192712025E-003
   23.750000000000000        1.6730580077192109E-002
   23.800000000000001        2.9735424636182440E-002
   23.850000000000001        4.2665941588068010E-002
   23.900000000000002        5.5489826044844856E-002
   23.950000000000003        6.8175057117165538E-002
   24.000000000000000        8.0689982543785052E-002
   24.050000000000001        9.3003401843732472E-002
   24.100000000000001       0.10508464767966835     
   24.150000000000002       0.11690366514075128     
   24.200000000000003       0.12843108867594466     
   24.250000000000000       0.13963831643356733     
   24.300000000000001       0.15049758178951042     
   24.350000000000001       0.16098202187436314     
   24.400000000000002       0.17106574293815319     
   24.450000000000003       0.18072388241995793     
   24.500000000000000       0.18993266761773628     
   24.550000000000001       0.19866947088085488     
   24.600000000000001       0.20691286127345751     
   24.650000000000002       0.21464265268062413     
   24.700000000000003       0.22183994835081391     
   24.750000000000000       0.22848718188707390     
   24.800000000000001       0.23456815471567896     
   24.850000000000001       0.24006807007407965     
   24.900000000000002       0.24497356357016964     
   24.950000000000003       0.24927273037191838     
   25.000000000000000       0.25295514909038841     
   25.050000000000001       0.25601190242017907     
   25.100000000000001       0.25843559459958171     
   25.150000000000002       0.26022036574842611     
   25.200000000000003       0.26136190313502256     
   25.250000000000000       0.26185744941508832     
   25.300000000000001       0.26170580787545261     
   25.350000000000001       0.26090734470405624     
   25.400000000000002       0.25946398829571832     
   25.450000000000003       0.25737922559076271     
   25.500000000000000       0.25465809543132123     
   25.550000000000001       0.25130717890839099     
   25.600000000000001       0.24733458666195088     
   25.650000000000002       0.24274994308703851     
   25.700000000000003       0.23756436739104020     
   25.750000000000000       0.23179045144189597     
   25.800000000000001       0.22544223434377902     
   25.850000000000001       0.21853517367632869     
   25.900000000000002       0.21108611333590399     
   25.950000000000003       0.20311324792272273     
   26.000000000000000       0.19463608362623658     
   26.050000000000001       0.18567539557267751     
   26.100000000000001       0.17625318161333089     
   26.150000000000002       0.16639261254961421     
   26.200000000000003       0.15611797881126174     
   26.250000000000000       0.14545463362656000     
   26.300000000000001       0.13442893274830620     
   26.350000000000001       0.12306817082557228     
   26.400000000000002       0.11140051453899748     
   26.450000000000003        9.9454932645706165E-002
   26.500000000000000        8.7261123108525782E-002
   26.550000000000001        7.4849437512411396E-002
   26.600000000000001        6.2250802998309589E-002
   26.650000000000002        4.9496641970561764E-002
   26.700000000000003        3.6618789857820584E-002
   26.750000000000000        2.3649411228831969E-002
   26.800000000000001        1.0620914582862660E-002
   26.850000000000001       -2.4341338503667039E-003
   26.900000000000002       -1.5483096954979425E-002
   26.950000000000003       -2.8493353863730080E-002
   27.000000000000000       -4.1432387026152567E-002
   27.050000000000001       -5.4267868853717996E-002
   27.100000000000001       -6.6967747590577609E-002
   27.150000000000002       -7.9500332067431248E-002
   27.200000000000003       -9.1834375008869734E-002
   27.250000000000000      -0.10393915458090992     
   27.300000000000001      -0.11578455388501853     
   27.350000000000001      -0.12734113812728617     
   27.400000000000002      -0.13858022921609026     
   27.450000000000003      -0.14947397756806075     
   27.500000000000000      -0.15999543092989171     
   27.550000000000001      -0.17011860005196791     
   27.600000000000001      -0.17981852107834051     
   27.650000000000002      -0.18907131454574755     
   27.700000000000003      -0.19785424091161177     
   27.750000000000000      -0.20614575255678205     
   27.800000000000001      -0.21392554223277899     
   27.850000000000001      -0.22117458794508307     
   27.900000000000002      -0.22787519428324735     
   27.950000000000003      -0.23401103022507805     
   28.000000000000000      -0.23956716345562726     
   28.050000000000001      -0.24453009125217318     
   28.100000000000001      -0.24888776799369455     
   28.150000000000002      -0.25262962935760791     
   28.200000000000003      -0.25574661326783471     
   28.250000000000000      -0.25823117765676684     
   28.300000000000001      -0.26007731509962428     
   28.350000000000001      -0.26128056437332886     
   28.400000000000002      -0.26183801898367204     
   28.450000000000003      -0.26174833269459469     
   28.500000000000000      -0.26101172208221440     
   28.550000000000001      -0.25962996612424705     
   28.600000000000001      -0.25760640282310260     
   28.650000000000002      -0.25494592284863044     
   28.700000000000003      -0.25165496017468064     
   28.750000000000000      -0.24774147967276383     
   28.800000000000001      -0.24321496161654133     
   28.850000000000001      -0.23808638304304408     
   28.900000000000002      -0.23236819591075453     
   28.950000000000003      -0.22607430199129955     
   29.000000000000000      -0.21922002443075866     
   29.050000000000001      -0.21182207591869728     
   29.100000000000001      -0.20389852340814024     
   29.150000000000002      -0.19546874933788969     
   29.200000000000003      -0.18655340931988074     
   29.250000000000000      -0.17717438626860260     
   29.300000000000001      -0.16735474096686628     
   29.350000000000001      -0.15711865908217401     
   29.400000000000002      -0.14649139467037173     
   29.450000000000003      -0.13549921022781050     
   29.500000000000000      -0.12416931337951076     
   29.550000000000001      -0.11252979031836682     
   29.600000000000001      -0.10060953613875524     
   29.650000000000002       -8.8438182236492524E-002
   29.700000000000003       -7.6046020975376938E-002
   29.750000000000000       -6.3463927847985990E-002
   29.800000000000001       -5.0723281384431732E-002
   29.850000000000001       -3.7855881086863011E-002
   29.900000000000002       -2.4893863689141559E-002
   29.950000000000003       -1.1869618059847291E-002
   30.000000000000000        1.1843009178161851E-003
   30.050000000000001        1.4235259143877230E-002
   30.100000000000001        2.7250630424012219E-002
   30.150000000000002        4.0197883559537677E-002
   30.200000000000003        5.3044669048372656E-002
   30.250000000000000        6.5758905044897870E-002
   30.300000000000001        7.8308862235223861E-002
   30.350000000000001        9.0663247296831589E-002
   30.400000000000002       0.10279128462759214     
   30.450000000000003       0.11466279604846027     
   30.500000000000000       0.12624827820625445     
   30.550000000000001       0.13751897742741387     
   30.600000000000001       0.14844696179994935     
   30.650000000000002       0.15900519028843779     
   30.700000000000003       0.16916757871529406     
   30.750000000000000       0.17890906247012897     
   30.800000000000001       0.18820565583722590     
   30.850000000000001       0.19703450785851465     
   30.900000000000002       0.20537395467540961     
   30.950000000000003       0.21320356831706636     
   31.000000000000000       0.22050420192461570     
   31.050000000000001       0.22725803142043235     
   31.100000000000001       0.23344859364823184     
   31.150000000000002       0.23906082102357895     
   31.200000000000003       0.24408107274511950     
   31.250000000000000       0.24849716262447366     
   31.300000000000001       0.25229838359728202     
   31.350000000000001       0.25547552897947190     
   31.400000000000002       0.25802091053157011     
   31.450000000000003       0.25992837339005137     
   31.500000000000000       0.26119330791854578     
   31.550000000000001       0.26181265852355884     
   31.600000000000001       0.26178492946953397     
   31.650000000000002       0.26111018771700539     
   31.700000000000003       0.25979006279565858     
   31.750000000000000       0.25782774371176653     
   31.800000000000001       0.25522797287714000     
   31.850000000000001       0.25199703703485526     
   31.900000000000002       0.24814275514603223     
   31.950000000000003       0.24367446319224034     
   32.000000000000000       0.23860299584009642     
   32.050000000000004       0.23294066490864165     
   32.100000000000001       0.22670123457645985     
   32.149999999999999       0.21989989326449141     
   32.200000000000003       0.21255322213232369     
   32.250000000000000       0.20467916013055149     
   32.300000000000004       0.19629696555969353     
   32.350000000000001       0.18742717409714482     
   32.399999999999999       0.17809155326769119     
   32.450000000000003       0.16831305335009480     
   32.500000000000000       0.15811575473198275     
   32.550000000000004       0.14752481174747623     
   32.600000000000001       0.13656639305635546     
   32.649999999999999       0.12526761864967753     
   32.700000000000003       0.11365649359420613     
   32.750000000000000       0.10176183865628585     
   32.800000000000004        8.9613217974374923E-002
   32.850000000000001        7.7240863977791036E-002
   32.899999999999999        6.4675599776768233E-002
   32.950000000000003        5.1948759275111167E-002
   33.000000000000000        3.9092105281028487E-002
   33.050000000000004        2.6137745913620392E-002
   33.100000000000001        1.3118049621520463E-002
   33.149999999999999        6.5559145940431371E-005
   33.200000000000003       -1.2987095227504334E-002
   33.250000000000000       -2.6007282775565882E-002
   33.300000000000004       -3.8962459445929645E-002
   33.350000000000001       -5.1820254610752715E-002
   33.399999999999999       -6.4548557112489316E-002
   33.450000000000003       -7.7115600257523204E-002
   33.500000000000000       -8.9490045425218018E-002
   33.550000000000004      -0.10164106397571050     
   33.600000000000001      -0.11353841715876541     
   33.649999999999999      -0.12515253374787791     
   33.700000000000003      -0.13645458514808270     
   33.750000000000000      -0.14741655775210152     
   33.800000000000004      -0.15801132234699269     
   33.850000000000001      -0.16821270040180231     
   33.899999999999999      -0.17799552709529790     
   33.950000000000003      -0.18733571097114499     
   34.000000000000000      -0.19621029013533980     
   34.050000000000004      -0.20459748493684837     
   34.100000000000001      -0.21247674709678044     
   34.149999999999999      -0.21982880527365453     
   34.200000000000003      -0.22663570707206113     
   34.250000000000000      -0.23288085751904070     
   34.300000000000004      -0.23854905404657151     
   34.350000000000001      -0.24362651802958576     
   34.399999999999999      -0.24810092293685662     
   34.450000000000003      -0.25196141915694248     
   34.500000000000000      -0.25519865556322952     
   34.550000000000004      -0.25780479788113453     
   34.600000000000001      -0.25977354391692892     
   34.649999999999999      -0.26110013570169077     
   34.700000000000003      -0.26178136859589685     
   34.750000000000000      -0.26181559739048615     
   34.800000000000004      -0.26120273942924688     
   34.850000000000001      -0.25994427476551107     
   34.899999999999999      -0.25804324335381307     
   34.950000000000003      -0.25550423926481730     
   35.000000000000000      -0.25233340189988429     
   35.050000000000004      -0.24853840417054957     
   35.100000000000001      -0.24412843759835426     
   35.149999999999999      -0.23911419428227570     
   35.200000000000003      -0.23350784567482014     
   35.250000000000000      -0.22732301810397723     
   35.300000000000004      -0.22057476497696765     
   35.350000000000001      -0.21327953560326213     
   35.399999999999999      -0.20545514057887299     
   35.450000000000003      -0.19712071368151418     
   35.500000000000000      -0.18829667023692351     
   35.550000000000004      -0.17900466193040021     
   35.600000000000001      -0.16926752805431830     
   35.649999999999999      -0.15910924320184827     
   35.700000000000003      -0.14855486143910018     
   35.750000000000000      -0.13763045701206919     
   35.800000000000004      -0.12636306167073563     
   35.850000000000001      -0.11478059872000822     
   35.899999999999999      -0.10291181393541475     
   35.950000000000003       -9.0786203510020272E-002
   36.000000000000000       -7.8433939227440366E-002
   36.050000000000004       -6.5885791083461015E-002
   36.100000000000001       -5.3173047605118311E-002
   36.149999999999999       -4.0327434140590618E-002
   36.200000000000003       -2.7381029415399674E-002
   36.250000000000000       -1.4366180669735650E-002
   36.300000000000004       -1.3154177077991398E-003
   36.350000000000001        1.1738633797458493E-002
   36.399999999999999        2.4763339392189165E-002
   36.450000000000003        3.7726142965515665E-002
   36.500000000000000        5.0594653552411550E-002
   36.550000000000004        6.3336731462334053E-002
   36.600000000000001        7.5920573388172680E-002
   36.649999999999999        8.8314796161805723E-002
   36.700000000000003       0.10048851883793743     
   36.750000000000000       0.11241144280658562     
   36.800000000000004       0.12405392965620052     
   36.850000000000001       0.13538707653346016     
   36.899999999999999       0.14638278877180144     
   36.950000000000003       0.15701384958817163     
   37.000000000000000       0.16725398667576810     
   37.050000000000004       0.17707793554911619     
   37.100000000000001       0.18646149952616653     
   37.149999999999999       0.19538160625964668     
   37.200000000000003       0.20381636075618537     
   37.250000000000000       0.21174509484629145     
   37.300000000000004       0.21914841309071906     
   37.350000000000001       0.22600823512875021     
   37.399999999999999       0.23230783449120829     
   37.450000000000003       0.23803187391537997     
   37.500000000000000       0.24316643721034364     
   37.550000000000004       0.24769905772942222     
   37.600000000000001       0.25161874351161412     
   37.649999999999999       0.25491599915599222     
   37.700000000000003       0.25758284449234292     
   37.750000000000000       0.25961283010795777     
   37.800000000000004       0.26100104978474825     
   37.850000000000001       0.26174414989303901     
   37.899999999999999       0.26184033577886079     
   37.950000000000003       0.26128937517069095     
   38.000000000000000       0.26009259861978801     
   38.050000000000004       0.25825289697596504     
   38.100000000000001       0.25577471588827799     
   38.149999999999999       0.25266404730811060     
   38.200000000000003       0.24892841796094467     
   38.250000000000000       0.24457687474313072     
   38.300000000000004       0.23961996699160937     
   38.350000000000001       0.23406972556814259     
   38.400000000000006       0.22793963869551540     
   38.450000000000003       0.22124462448164181     
   38.500000000000000       0.21400100006877915     
   38.550000000000004       0.20622644734928633     
   38.600000000000001       0.19793997519666126     
   38.650000000000006       0.18916187817099325     
   38.700000000000003       0.17991369167143667     
   38.750000000000000       0.17021814352474401     
   38.800000000000004       0.16009910201811417     
   38.850000000000001       0.14958152040636469     
   38.900000000000006       0.13869137794741121     
   38.950000000000003       0.12745561754585419     
   39.000000000000000       0.11590208011169853     
   39.050000000000004       0.10405943576938625     
   39.100000000000001        9.1957112080885833E-002
   39.150000000000006        7.9625219475012513E-002
   39.200000000000003        6.7094474102892460E-002
   39.250000000000000        5.4396118365974057E-002
   39.300000000000004        4.1561839387688190E-002
   39.350000000000001        2.8623685722249562E-002
   39.400000000000006        1.5613982613699215E-002
   39.450000000000003        2.5652461346926114E-003
   39.500000000000000       -1.0489903452617156E-002
   39.550000000000004       -2.3518828762246390E-002
   39.600000000000001       -3.6488962420276161E-002
   39.650000000000006       -4.9367893913834289E-002
   39.700000000000003       -6.2123455799367983E-002
   39.750000000000000       -7.4723808923848584E-002
   39.800000000000004       -8.7137526323915263E-002
   39.850000000000001       -9.9333675483008935E-002
   39.900000000000006      -0.11128189864494356     
   39.950000000000003      -0.12295249090371328     
   40.000000000000000      -0.13431647581318482     
   40.050000000000004      -0.14534567828617431     
   40.100000000000001      -0.15601279457972267     
   40.150000000000006      -0.16629145919160793     
   40.200000000000003      -0.17615630852171155     
   40.250000000000000      -0.18558304118023322     
   40.300000000000004      -0.19454847485239962     
   40.350000000000001      -0.20303059965573700     
   40.400000000000006      -0.21100862795072464     
   40.450000000000003      -0.21846304058831273     
   40.500000000000000      -0.22537562959803578     
   40.550000000000004      -0.23172953733800419     
   40.600000000000001      -0.23750929214270727     
   40.650000000000006      -0.24270084051617577     
   40.700000000000003      -0.24729157592656928     
   40.750000000000000      -0.25127036426368277     
   40.800000000000004      -0.25462756602328307     
   40.850000000000001      -0.25735505528173519     
   40.900000000000006      -0.25944623552125967     
   40.950000000000003      -0.26089605236063546     
   41.000000000000000      -0.26170100323853313     
   41.050000000000004      -0.26185914408727567     
   41.100000000000001      -0.26137009302406233     
   41.150000000000006      -0.26023503107496021     
   41.200000000000003      -0.25845669993469572     
   41.250000000000000      -0.25603939675289655     
   41.300000000000004      -0.25298896592538583     
   41.350000000000001      -0.24931278785784239     
   41.400000000000006      -0.24501976465903275     
   41.450000000000003      -0.24012030271228652     
   41.500000000000000      -0.23462629206729110     
   41.550000000000004      -0.22855108258995144     
   41.600000000000001      -0.22190945680627699     
   41.650000000000006      -0.21471759937725224     
   41.700000000000003      -0.20699306314558980     
   41.750000000000000      -0.19875473170226843     
   41.800000000000004      -0.19002277843086238     
   41.850000000000001      -0.18081862200084864     
   41.900000000000006      -0.17116487829723348     
   41.950000000000003      -0.16108530879280045     
   42.000000000000000      -0.15060476539080495     
   42.050000000000004      -0.13974913178971776     
   42.100000000000001      -0.12854526144727804     
   42.150000000000006      -0.11702091224822772     
   42.200000000000003      -0.10520467800818617     
   42.250000000000000       -9.3125916974672096E-002
   42.300000000000004       -8.0814677514746427E-002
   42.350000000000001       -6.8301621206579607E-002
   42.400000000000006       -5.5617943578879975E-002
   42.450000000000003       -4.2795292767013091E-002
   42.500000000000000       -2.9865686377274235E-002
   42.550000000000004       -1.6861426870669858E-002
   42.600000000000001       -3.8150157942911465E-003
   42.650000000000006        9.2409327984378682E-003
   42.700000000000003        2.2273779387972703E-002
   42.750000000000000        3.5250946133296407E-002
   42.800000000000004        4.8140003763759195E-002
   42.850000000000001        6.0908757863814646E-002
   42.900000000000006        7.3525334203408704E-002
   42.950000000000003        8.5958262777776823E-002
   43.000000000000000        9.8176560235109595E-002
   43.050000000000004       0.11014981038863886     
   43.100000000000001       0.12184824253078298     
   43.150000000000006       0.13324280729062332     
   43.200000000000003       0.14430524980166479     
   43.250000000000000       0.15500817997403171     
   43.300000000000004       0.16532513969341200     
   43.350000000000001       0.17523066679763125     
   43.400000000000006       0.18470035571015811     
   43.450000000000003       0.19371091463758572     
   43.500000000000000       0.20224021926469546     
   43.550000000000004       0.21026736290563522     
   43.600000000000001       0.21777270309262625     
   43.650000000000006       0.22473790460410462     
   43.700000000000003       0.23114597895202241     
   43.750000000000000       0.23698132036296976     
   43.800000000000004       0.24222973829968739     
   43.850000000000001       0.24687848657835448     
   43.900000000000006       0.25091628914275821     
   43.950000000000003       0.25433336255915151     
   44.000000000000000       0.25712143529542103     
   44.050000000000004       0.25927376384531386     
   44.100000000000001       0.26078514575316264     
   44.150000000000006       0.26165192958710570     
   44.200000000000003       0.26187202189956416     
   44.250000000000000       0.26144489120308961     
   44.300000000000004       0.26037156897804103     
   44.350000000000001       0.25865464771630814     
   44.400000000000006       0.25629827599291027     
   44.450000000000003       0.25330815054519973     
   44.500000000000000       0.24969150532801831     
   44.550000000000004       0.24545709750291950     
   44.600000000000001       0.24061519031086509     
   44.650000000000006       0.23517753277101122     
   44.700000000000003       0.22915733614363731     
   44.750000000000000       0.22256924709323428     
   44.800000000000004       0.21542931748848734     
   44.850000000000001       0.20775497077954450     
   44.900000000000006       0.19956496489966796     
   44.950000000000003       0.19087935164817429     
   45.000000000000000       0.18171943252445705     
   45.050000000000004       0.17210771099876263     
   45.100000000000001       0.16206784122409121     
   45.150000000000006       0.15162457321488501     
   45.200000000000003       0.14080369454174252     
   45.250000000000000       0.12963196861689333     
   45.300000000000004       0.11813706967216046     
   45.350000000000001       0.10634751455915226     
   45.400000000000006        9.4292591529952993E-002
   45.450000000000003        8.2002286185080292E-002
   45.500000000000000        6.9507204803391620E-002
   45.550000000000004        5.6838495295394385E-002
   45.600000000000001        4.4027766046496677E-002
   45.650000000000006        3.1107002939605860E-002
   45.700000000000003        1.8108484866657365E-002
   45.750000000000000        5.0646980557033667E-003
   45.800000000000004       -7.9917504462585377E-003
   45.850000000000001       -2.1028219784778167E-002
   45.900000000000006       -3.4012122448077262E-002
   45.950000000000003       -4.6911011198497776E-002
   46.000000000000000       -5.9692665430517294E-002
   46.050000000000004       -7.2325176607238958E-002
   46.100000000000001       -8.4777032437893654E-002
   46.150000000000006       -9.7017199473255100E-002
   46.200000000000003      -0.10901520381365179     
   46.250000000000000      -0.12074120964507862     
   46.300000000000004      -0.13216609534232118     
   46.350000000000001      -0.14326152690351340     
   46.400000000000006      -0.15400002850762565     
   46.450000000000003      -0.16435505001447479     
   46.500000000000000      -0.17430103125540056     
   46.550000000000004      -0.18381346299121115     
   46.600000000000001      -0.19286894444183011     
   46.650000000000006      -0.20144523731877273     
   46.700000000000003      -0.20952131631668086     
   46.750000000000000      -0.21707741604323832     
   46.800000000000004      -0.22409507438752305     
   46.850000000000001      -0.23055717234493792     
   46.900000000000006      -0.23644797033208070     
   46.950000000000003      -0.24175314103711659     
   47.000000000000000      -0.24645979886032846     
   47.050000000000004      -0.25055652600553613     
   47.100000000000001      -0.25403339528606045     
   47.150000000000006      -0.25688198970899134     
   47.200000000000003      -0.25909541889889331     
   47.250000000000000      -0.26066833241699378     
   47.300000000000004      -0.26159693002464657     
   47.350000000000001      -0.26187896893078350     
   47.400000000000006      -0.26151376805253745     
   47.450000000000003      -0.26050220930664275     
   47.500000000000000      -0.25884673593701568     
   47.550000000000004      -0.25655134787152428     
   47.600000000000001      -0.25362159408880941     
   47.650000000000006      -0.25006456196455334     
   47.700000000000003      -0.24588886355622655     
   47.750000000000000      -0.24110461877647857     
   47.800000000000004      -0.23572343539834567     
   47.850000000000001      -0.22975838583066088     
   47.900000000000006      -0.22322398059976142     
   47.950000000000003      -0.21613613847403565     
   48.000000000000000      -0.20851215317121957     
   48.050000000000004      -0.20037065659476477     
   48.100000000000001      -0.19173157855511022     
   48.150000000000006      -0.18261610294428690     
   48.200000000000003      -0.17304662034788110     
   48.250000000000000      -0.16304667709682166     
   48.300000000000004      -0.15264092078251151     
   48.350000000000001      -0.14185504228219617     
   48.400000000000006      -0.13071571436679169     
   48.450000000000003      -0.11925052699026309     
   48.500000000000000      -0.10748791938758344     
   48.550000000000004       -9.5457109136804927E-002
   48.600000000000001       -8.3188018369298289E-002
   48.650000000000006       -7.0711197340211973E-002
   48.700000000000003       -5.8057745598107585E-002
   48.750000000000000       -4.5259231017995470E-002
   48.800000000000004       -3.2347606985098025E-002
   48.850000000000001       -1.9355128037121000E-002
   48.900000000000006       -6.3142642901766900E-003
   48.950000000000003        6.7423850125977302E-003
   49.000000000000000        1.9782178480551690E-002
   49.050000000000004        3.2772519727845575E-002
   49.100000000000001        4.5680944341254415E-002
   49.150000000000006        5.8475206308270404E-002
   49.200000000000003        7.1123363556599276E-002
   49.250000000000000        8.3593862266404792E-002
   49.300000000000004        9.5855619630673794E-002
   49.350000000000001       0.10787810475654559     
   49.400000000000006       0.11963141742099641     
   49.450000000000003       0.13108636441745194     
   49.500000000000000       0.14221453325523112     
   49.550000000000004       0.15298836300067334     
   49.600000000000001       0.16338121207682316     
   49.650000000000006       0.17336742286707901     
   49.700000000000003       0.18292238299670419     
   49.750000000000000       0.19202258319400942     
   49.800000000000004       0.20064567165984262     
   49.850000000000001       0.20877050489929244     
   49.900000000000006       0.21637719499281471     
   49.950000000000003       0.22344715330496379     
   50.000000000000000       0.22996313064726090     
