   5.0000000000000003E-002  0.13057337841902458     
  0.10000000000000001       0.12992971417181301     
  0.15000000000000002       0.12897823040690509     
  0.20000000000000001       0.12772898141778624     
  0.25000000000000000       0.12619250876646093     
  0.30000000000000004       0.12437980330923752     
  0.35000000000000003       0.12230226710910173     
  0.40000000000000002       0.11997167531728310     
  0.45000000000000001       0.11740013810463171     
  0.50000000000000000       0.11460006272161929     
  0.55000000000000004       0.11158411576412969     
  0.60000000000000009       0.10836518572067178     
  0.65000000000000002       0.10495634587519699     
  0.70000000000000007       0.10137081763829262     
  0.75000000000000000        9.7621934378113187E-002
  0.80000000000000004        9.3723105820964964E-002
  0.85000000000000009        8.9687783089936954E-002
  0.90000000000000002        8.5529424448340788E-002
  0.95000000000000007        8.1261461812950700E-002
   1.0000000000000000        7.6897268100096075E-002
   1.0500000000000000        7.2450125465531201E-002
   1.1000000000000001        6.7933194496671290E-002
   1.1500000000000001        6.3359484413229486E-002
   1.2000000000000002        5.8741824329508453E-002
   1.2500000000000000        5.4092835628591712E-002
   1.3000000000000000        4.9424905495446578E-002
   1.3500000000000001        4.4750161652501903E-002
   1.4000000000000001        4.0080448337612234E-002
   1.4500000000000002        3.5427303560483146E-002
   1.5000000000000000        3.0801937669631119E-002
   1.5500000000000000        2.6215213257809865E-002
   1.6000000000000001        2.1677626429579662E-002
   1.6500000000000001        1.7199289450356165E-002
   1.7000000000000002        1.2789914791879926E-002
   1.7500000000000000        8.4588005846282718E-003
   1.8000000000000000        4.2148174832780366E-003
   1.8500000000000001        6.6396946951214307E-005
   1.9000000000000001       -3.9784790683346938E-003
   1.9500000000000002       -7.9122870118061572E-003
   2.0000000000000000       -1.1727969245553620E-002
   2.0500000000000003       -1.5418940172474978E-002
   2.1000000000000001       -1.8979091003172348E-002
   2.1499999999999999       -2.2402793184034913E-002
   2.2000000000000002       -2.5684900512143699E-002
   2.2500000000000000       -2.8820749965824604E-002
   2.3000000000000003       -3.1806161282643727E-002
   2.3500000000000001       -3.4637435319377324E-002
   2.4000000000000004       -3.7311351230992856E-002
   2.4500000000000002       -3.9825162507946585E-002
   2.5000000000000000       -4.2176591913137426E-002
   2.5500000000000003       -4.4363825361659975E-002
   2.6000000000000001       -4.6385504788076369E-002
   2.6500000000000004       -4.8240720047284663E-002
   2.7000000000000002       -4.9928999896208290E-002
   2.7500000000000000       -5.1450302104477291E-002
   2.8000000000000003       -5.2805002743027310E-002
   2.8500000000000001       -5.3993884700118483E-002
   2.9000000000000004       -5.5018125474684473E-002
   2.9500000000000002       -5.5879284297174189E-002
   3.0000000000000000       -5.6579288628156227E-002
   3.0500000000000003       -5.7120420084930845E-002
   3.1000000000000001       -5.7505299846246527E-002
   3.1500000000000004       -5.7736873584958798E-002
   3.2000000000000002       -5.7818395978107270E-002
   3.2500000000000000       -5.7753414843431786E-002
   3.3000000000000003       -5.7545754950807930E-002
   3.3500000000000001       -5.7199501556463458E-002
   3.4000000000000004       -5.6718983707146092E-002
   3.4500000000000002       -5.6108757360655404E-002
   3.5000000000000000       -5.5373588368331485E-002
   3.5500000000000003       -5.4518435364214288E-002
   3.6000000000000001       -5.3548432604653452E-002
   3.6500000000000004       -5.2468872801160638E-002
   3.7000000000000002       -5.1285189988257658E-002
   3.7500000000000000       -5.0002942466984425E-002
   3.8000000000000003       -4.8627795863592699E-002
   3.8500000000000001       -4.7165506341765182E-002
   3.9000000000000004       -4.5621904005465362E-002
   3.9500000000000002       -4.4002876528242398E-002
   4.0000000000000000       -4.2314353043487671E-002
   4.0499999999999998       -4.0562288328766391E-002
   4.1000000000000005       -3.8752647315929568E-002
   4.1500000000000004       -3.6891389957250185E-002
   4.2000000000000002       -3.4984456476323894E-002
   4.2500000000000000       -3.3037753030931080E-002
   4.2999999999999998       -3.1057137813475917E-002
   4.3500000000000005       -2.9048407613001551E-002
   4.4000000000000004       -2.7017284861132480E-002
   4.4500000000000002       -2.4969405182618334E-002
   4.5000000000000000       -2.2910305469451994E-002
   4.5499999999999998       -2.0845412495813509E-002
   4.6000000000000005       -1.8780032089353856E-002
   4.6500000000000004       -1.6719338872584522E-002
   4.7000000000000002       -1.4668366586384908E-002
   4.7500000000000000       -1.2631999005885217E-002
   4.8000000000000007       -1.0614961457232949E-002
   4.8500000000000005       -8.6218129420120686E-003
   4.9000000000000004       -6.6569388743607464E-003
   4.9500000000000002       -4.7245444341316783E-003
   5.0000000000000000       -2.8286485377638200E-003
   5.0500000000000007       -9.7307842689105012E-004
   5.1000000000000005        8.3853512689321583E-004
   5.1500000000000004        2.6027620042613124E-003
   5.2000000000000002        4.3163763120312474E-003
   5.2500000000000000        5.9763593548346821E-003
   5.3000000000000007        7.5799020121211430E-003
   5.3500000000000005        9.1244065294040430E-003
   5.4000000000000004        1.0607487733951123E-002
   5.4500000000000002        1.2026973686355911E-002
   5.5000000000000000        1.3380905780595634E-002
   5.5500000000000007        1.4667538306282677E-002
   5.6000000000000005        1.5885337487849982E-002
   5.6500000000000004        1.7032980016374391E-002
   5.7000000000000002        1.8109351090635380E-002
   5.7500000000000000        1.9113541984829462E-002
   5.8000000000000007        2.0044847161112753E-002
   5.8500000000000005        2.0902760945825993E-002
   5.9000000000000004        2.1686973788868500E-002
   5.9500000000000002        2.2397368126230457E-002
   6.0000000000000000        2.3034013866168188E-002
   6.0500000000000007        2.3597163519915251E-002
   6.1000000000000005        2.4087246998165238E-002
   6.1500000000000004        2.4504866094841118E-002
   6.2000000000000002        2.4850788679882815E-002
   6.2500000000000000        2.5125942622941003E-002
   6.3000000000000007        2.5331409469962606E-002
   6.3500000000000005        2.5468417894694208E-002
   6.4000000000000004        2.5538336947115249E-002
   6.4500000000000002        2.5542669120745532E-002
   6.5000000000000000        2.5483043260652996E-002
   6.5500000000000007        2.5361207333820027E-002
   6.6000000000000005        2.5179021083311499E-002
   6.6500000000000004        2.4938448587427366E-002
   6.7000000000000002        2.4641550744718733E-002
   6.7500000000000000        2.4290477705400923E-002
   6.8000000000000007        2.3887461269311867E-002
   6.8500000000000005        2.3434807270141193E-002
   6.9000000000000004        2.2934887965196472E-002
   6.9500000000000002        2.2390134449479949E-002
   7.0000000000000000        2.1803029112323794E-002
   7.0500000000000007        2.1176098154276117E-002
   7.1000000000000005        2.0511904181345641E-002
   7.1500000000000004        1.9813038893101879E-002
   7.2000000000000002        1.9082115880491766E-002
   7.2500000000000000        1.8321763548574805E-002
   7.3000000000000007        1.7534618178698901E-002
   7.3500000000000005        1.6723317143940035E-002
   7.4000000000000004        1.5890492290912626E-002
   7.4500000000000002        1.5038763500326005E-002
   7.5000000000000000        1.4170732437917640E-002
   7.5500000000000007        1.3288976506637757E-002
   7.6000000000000005        1.2396043010194646E-002
   7.6500000000000004        1.1494443537297405E-002
   7.7000000000000002        1.0586648575154978E-002
   7.7500000000000000        9.6750823600092739E-003
   7.8000000000000007        8.7621179716977360E-003
   7.8500000000000005        7.8500726784591149E-003
   7.9000000000000004        6.9412035374172166E-003
   7.9500000000000002        6.0377032554030340E-003
   8.0000000000000000        5.1416963140078617E-003
   8.0500000000000007        4.2552353620004899E-003
   8.0999999999999996        3.3802978774922993E-003
   8.1500000000000004        2.5187831014966910E-003
   8.2000000000000011        1.6725092438054940E-003
   8.2500000000000000        8.4321096139643322E-004
   8.3000000000000007        3.2537108893910833E-005
   8.3499999999999996       -7.5795124006826885E-004
   8.4000000000000004       -1.5267825023876547E-003
   8.4500000000000011       -2.2725760283760152E-003
   8.5000000000000000       -2.9940432810341214E-003
   8.5500000000000007       -3.6899887553563044E-003
   8.5999999999999996       -4.3593106418665902E-003
   8.6500000000000004       -5.0010012391271483E-003
   8.7000000000000011       -5.6141471204729379E-003
   8.7500000000000000       -6.1979290607130869E-003
   8.8000000000000007       -6.7516217289991165E-003
   8.8499999999999996       -7.2745931544921216E-003
   8.9000000000000004       -7.7663039718650333E-003
   8.9500000000000011       -8.2263064540518422E-003
   9.0000000000000000       -8.6542433400028911E-003
   9.0500000000000007       -9.0498464655239721E-003
   9.0999999999999996       -9.4129352055669115E-003
   9.1500000000000004       -9.7434147366006474E-003
   9.2000000000000011       -1.0041274127924629E-002
   9.2500000000000000       -1.0306584270990828E-002
   9.3000000000000007       -1.0539495655977104E-002
   9.3499999999999996       -1.0740236005003316E-002
   9.4000000000000004       -1.0909107771502925E-002
   9.4500000000000011       -1.1046485515357234E-002
   9.5000000000000000       -1.1152813163467388E-002
   9.5500000000000007       -1.1228601165481423E-002
   9.6000000000000014       -1.1274423554410476E-002
   9.6500000000000004       -1.1290914921860478E-002
   9.7000000000000011       -1.1278767317573912E-002
   9.7500000000000000       -1.1238727082921219E-002
   9.8000000000000007       -1.1171591627903899E-002
   9.8500000000000014       -1.1078206161132149E-002
   9.9000000000000004       -1.0959460382119699E-002
   9.9500000000000011       -1.0816285145098255E-002
   10.000000000000000       -1.0649649103394472E-002
   10.050000000000001       -1.0460555343234540E-002
   10.100000000000001       -1.0250038015646088E-002
   10.150000000000000       -1.0019158974915296E-002
   10.200000000000001       -9.7690044318295127E-003
   10.250000000000000       -9.5006816296935165E-003
   10.300000000000001       -9.2153155508515605E-003
   10.350000000000001       -8.9140456611785570E-003
   10.400000000000000       -8.5980226997232345E-003
   10.450000000000001       -8.2684055203945828E-003
   10.500000000000000       -7.9263579922816026E-003
   10.550000000000001       -7.5730459648861289E-003
   10.600000000000001       -7.2096343042302863E-003
   10.650000000000000       -6.8372840054749971E-003
   10.700000000000001       -6.4571493873547773E-003
   10.750000000000000       -6.0703753733978641E-003
   10.800000000000001       -5.6780948645603893E-003
   10.850000000000001       -5.2814262075598700E-003
   10.900000000000000       -4.8814707628475722E-003
   10.950000000000001       -4.4793105758123130E-003
   11.000000000000000       -4.0760061544608201E-003
   11.050000000000001       -3.6725943564727965E-003
   11.100000000000001       -3.2700863881831802E-003
   11.150000000000000       -2.8694659177005699E-003
   11.200000000000001       -2.4716873040302309E-003
   11.250000000000000       -2.0776739437332920E-003
   11.300000000000001       -1.6883167363214240E-003
   11.350000000000001       -1.3044726692592159E-003
   11.400000000000000       -9.2696352312531243E-004
   11.450000000000001       -5.5657469716881996E-004
   11.500000000000000       -1.9405415519015655E-004
   11.550000000000001        1.5988850862397091E-004
   11.600000000000001        5.0458288457288830E-004
   11.650000000000000        8.3939844396517917E-004
   11.700000000000001        1.1637451185091796E-003
   11.750000000000000        1.4770737640500001E-003
   11.800000000000001        1.7788765103849253E-003
   11.850000000000001        2.0686869991309647E-003
   11.900000000000000        2.3460805118492231E-003
   11.950000000000001        2.6106739908503367E-003
   12.000000000000000        2.8621259553131932E-003
   12.050000000000001        3.1001363155453011E-003
   12.100000000000001        3.3244460883972912E-003
   12.150000000000000        3.5348370170159736E-003
   12.200000000000001        3.7311310982799900E-003
   12.250000000000000        3.9131900214093331E-003
   12.300000000000001        4.0809145213747747E-003
   12.350000000000001        4.2342436508555330E-003
   12.400000000000000        4.3731539746033514E-003
   12.450000000000001        4.4976586901685480E-003
   12.500000000000000        4.6078066790286708E-003
   12.550000000000001        4.7036814922331799E-003
   12.600000000000001        4.7854002747382638E-003
   12.650000000000000        4.8531126326546280E-003
   12.700000000000001        4.9069994476680220E-003
   12.750000000000000        4.9472716429176397E-003
   12.800000000000001        4.9741689046315495E-003
   12.850000000000001        4.9879583638212438E-003
   12.900000000000000        4.9889332423295159E-003
   12.950000000000001        4.9774114675074548E-003
   13.000000000000000        4.9537342597677390E-003
   13.050000000000001        4.9182646972229004E-003
   13.100000000000001        4.8713862615691978E-003
   13.150000000000000        4.8135013693195094E-003
   13.200000000000001        4.7450298924226449E-003
   13.250000000000000        4.6664076722320166E-003
   13.300000000000001        4.5780850307041571E-003
   13.350000000000001        4.4805252826174650E-003
   13.400000000000000        4.3742032525042850E-003
   13.450000000000001        4.2596037998853453E-003
   13.500000000000000        4.1372203562851399E-003
   13.550000000000001        4.0075534773904992E-003
   13.600000000000001        3.8711094135927483E-003
   13.650000000000000        3.7283987020269678E-003
   13.700000000000001        3.5799347830903785E-003
   13.750000000000000        3.4262326442862177E-003
   13.800000000000001        3.2678074941000961E-003
   13.850000000000001        3.1051734684731601E-003
   13.900000000000000        2.9388423722908753E-003
   13.950000000000001        2.7693224581583232E-003
   14.000000000000000        2.5971172445829944E-003
   14.050000000000001        2.4227243755345898E-003
   14.100000000000001        2.2466345231987265E-003
   14.150000000000000        2.0693303355880906E-003
   14.200000000000001        1.8912854305208899E-003
   14.250000000000000        1.7129634373228388E-003
   14.300000000000001        1.5348170874557034E-003
   14.350000000000001        1.3572873551230705E-003
   14.400000000000000        1.1808026487527931E-003
   14.450000000000001        1.0057780541058853E-003
   14.500000000000000        8.3261462961381645E-004
   14.550000000000001        6.6169875440051803E-004
   14.600000000000001        4.9340152930226811E-004
   14.650000000000000        3.2807823105826718E-004
   14.700000000000001        1.6606781970743425E-004
   14.750000000000000        7.6924990930118530E-006
   14.800000000000001       -1.4674266975378230E-004
   14.850000000000001       -2.9695010270633880E-004
   14.900000000000000       -4.4265997458922587E-004
   14.950000000000001       -5.8362044977470866E-004
   15.000000000000000       -7.1959786203894618E-004
   15.050000000000001       -8.5037684449673992E-004
   15.100000000000001       -9.7576041053807293E-004
   15.150000000000000       -1.0955699867891231E-003
   15.200000000000001       -1.2096453992148340E-003
   15.250000000000000       -1.3178448135693667E-003
   15.300000000000001       -1.4200446314847461E-003
   15.350000000000001       -1.5161393435666783E-003
   15.400000000000000       -1.6060413409397774E-003
   15.450000000000001       -1.6896806867522714E-003
   15.500000000000000       -1.7670048492126028E-003
   15.550000000000001       -1.8379783977871982E-003
   15.600000000000001       -1.9025826642400409E-003
   15.650000000000000       -1.9608153702405486E-003
   15.700000000000001       -2.0126902233066654E-003
   15.750000000000000       -2.0582364828850498E-003
   15.800000000000001       -2.0974984983998381E-003
   15.850000000000001       -2.1305352211257330E-003
   15.900000000000000       -2.1574196917602002E-003
   15.950000000000001       -2.1782385055834140E-003
   16.000000000000000       -2.1930912571033953E-003
   16.050000000000001       -2.2020899660876174E-003
   16.100000000000001       -2.2053584868813370E-003
   16.150000000000002       -2.2030319029071738E-003
   16.199999999999999       -2.1952559082301305E-003
   16.250000000000000       -2.1821861780574638E-003
   16.300000000000001       -2.1639877300237320E-003
   16.350000000000001       -2.1408342780881227E-003
   16.400000000000002       -2.1129075808439370E-003
   16.449999999999999       -2.0803967860090864E-003
   16.500000000000000       -2.0434977728317765E-003
   16.550000000000001       -2.0024124941074055E-003
   16.600000000000001       -1.9573483194612849E-003
   16.650000000000002       -1.9085173815072542E-003
   16.699999999999999       -1.8561359264448296E-003
   16.750000000000000       -1.8004236706073676E-003
   16.800000000000001       -1.7416031644210395E-003
   16.850000000000001       -1.6798991651793993E-003
   16.900000000000002       -1.6155380199811757E-003
   16.949999999999999       -1.5487470601198274E-003
   17.000000000000000       -1.4797540081525678E-003
   17.050000000000001       -1.4087863988141815E-003
   17.100000000000001       -1.3360710148772146E-003
   17.150000000000002       -1.2618333389952292E-003
   17.199999999999999       -1.1862970224999390E-003
   17.250000000000000       -1.1096833720563963E-003
   17.300000000000001       -1.0322108550131599E-003
   17.350000000000001       -9.5409462421671256E-004
   17.400000000000002       -8.7554606299151342E-004
   17.449999999999999       -7.9677235091912249E-004
   17.500000000000000       -7.1797605098200513E-004
   17.550000000000001       -6.3935471857007287E-004
   17.600000000000001       -5.6110053278091035E-004
   17.650000000000002       -4.8339995037813017E-004
   17.699999999999999       -4.0643338270654033E-004
   17.750000000000000       -3.3037489579794800E-004
   17.800000000000001       -2.5539193383760050E-004
   17.850000000000001       -1.8164506609860849E-004
   17.900000000000002       -1.0928775739034200E-004
   17.949999999999999       -3.8466162006850190E-005
   18.000000000000000        3.0681058897047734E-005
   18.050000000000001        9.8022896631117624E-005
   18.100000000000001        1.6343613118065042E-004
   18.150000000000002        2.2680544454031228E-004
   18.199999999999999        2.8802351145949307E-004
   18.250000000000000        3.4699106793700135E-004
   18.300000000000001        4.0361695785013718E-004
   18.350000000000001        4.5781815814821590E-004
   18.400000000000002        5.0951978308345436E-004
   18.449999999999999        5.5865506799271858E-004
   18.500000000000000        6.0516533318191669E-004
   18.550000000000001        6.4899992850077457E-004
   18.600000000000001        6.9011615922930883E-004
   18.650000000000002        7.2847919392850431E-004
   18.699999999999999        7.6406195493647811E-004
   18.750000000000000        7.9684499221776650E-004
   18.800000000000001        8.2681634129729746E-004
   18.850000000000001        8.5397136603211046E-004
   18.900000000000002        8.7831258699296174E-004
   18.949999999999999        8.9984949624462567E-004
   19.000000000000000        9.1859835932798410E-004
   19.050000000000001        9.3458200525891124E-004
   19.100000000000001        9.4782960536854476E-004
   19.150000000000002        9.5837644181681278E-004
   19.200000000000003        9.6626366661610485E-004
   19.250000000000000        9.7153805200477731E-004
   19.300000000000001        9.7425173301081327E-004
   19.350000000000001        9.7446194304447414E-004
   19.400000000000002        9.7223074335523471E-004
   19.450000000000003        9.6762474718274823E-004
   19.500000000000000        9.6071483942411072E-004
   19.550000000000001        9.5157589263034298E-004
   19.600000000000001        9.4028648013386390E-004
   19.650000000000002        9.2692858709585526E-004
   19.700000000000003        9.1158732024789629E-004
   19.750000000000000        8.9435061708615044E-004
   19.800000000000001        8.7530895525879870E-004
   19.850000000000001        8.5455506286841361E-004
   19.900000000000002        8.3218363039063836E-004
   19.950000000000003        8.0829102488896084E-004
   20.000000000000000        7.8297500718263794E-004
   20.050000000000001        7.5633445260101764E-004
   20.100000000000001        7.2846907593270818E-004
   20.150000000000002        6.9947916115234746E-004
   20.200000000000003        6.6946529648121279E-004
   20.250000000000000        6.3852811531067157E-004
   20.300000000000001        6.0676804348959196E-004
   20.350000000000001        5.7428505344839546E-004
   20.400000000000002        5.4117842560352509E-004
   20.450000000000003        5.0754651745680808E-004
   20.500000000000000        4.7348654077459439E-004
   20.550000000000001        4.3909434720172902E-004
   20.600000000000001        4.0446422263545559E-004
   20.650000000000002        3.6968869065431983E-004
   20.700000000000003        3.3485832526712888E-004
   20.750000000000000        3.0006157321709473E-004
   20.800000000000001        2.6538458604652567E-004
   20.850000000000001        2.3091106209789232E-004
   20.900000000000002        1.9672209859786016E-004
   20.950000000000003        1.6289605394200624E-004
   21.000000000000000        1.2950842026949468E-004
   21.050000000000001        9.6631706389027259E-005
   21.100000000000001        6.4335331089974908E-005
   21.150000000000002        3.2685526845784883E-005
   21.200000000000003        1.7452538905996971E-006
   21.250000000000000       -2.8425875375432351E-005
   21.300000000000001       -5.7771661721384589E-005
   21.350000000000001       -8.6239374254464901E-005
   21.400000000000002       -1.1377979553884928E-004
   21.450000000000003       -1.4034725680289067E-004
   21.500000000000000       -1.6589966339447567E-004
   21.550000000000001       -1.9039851066468734E-004
   21.600000000000001       -2.1380889047935796E-004
   21.650000000000002       -2.3609948857653595E-004
   21.700000000000003       -2.5724257300532686E-004
   21.750000000000000       -2.7721397389797746E-004
   21.800000000000001       -2.9599305484244318E-004
   21.850000000000001       -3.1356267613699636E-004
   21.900000000000002       -3.2990915022168907E-004
   21.950000000000003       -3.4502218959367160E-004
   22.000000000000000       -3.5889484752448355E-004
   22.050000000000001       -3.7152345190747548E-004
   22.100000000000001       -3.8290753257249114E-004
   22.150000000000002       -3.9304974241284233E-004
   22.200000000000003       -4.0195577267645327E-004
   22.250000000000000       -4.0963426277884255E-004
   22.300000000000001       -4.1609670500036529E-004
   22.350000000000001       -4.2135734443386633E-004
   22.400000000000002       -4.2543307455161544E-004
   22.450000000000003       -4.2834332876212535E-004
   22.500000000000000       -4.3010996832821370E-004
   22.550000000000001       -4.3075716701748267E-004
   22.600000000000001       -4.3031129285527942E-004
   22.650000000000002       -4.2880078734819295E-004
   22.700000000000003       -4.2625604254326467E-004
   22.750000000000000       -4.2270927628437158E-004
   22.800000000000001       -4.1819440602271115E-004
   22.850000000000001       -4.1274692153300900E-004
   22.900000000000002       -4.0640375688101506E-004
   22.950000000000003       -3.9920316198108647E-004
   23.000000000000000       -3.9118457407521097E-004
   23.050000000000001       -3.8238848945673648E-004
   23.100000000000001       -3.7285633575337917E-004
   23.150000000000002       -3.6263034507482035E-004
   23.200000000000003       -3.5175342832040768E-004
   23.250000000000000       -3.4026905093218873E-004
   23.300000000000001       -3.2822111036776036E-004
   23.350000000000001       -3.1565381555625620E-004
   23.400000000000002       -3.0261156858925353E-004
   23.450000000000003       -2.8913884888649916E-004
   23.500000000000000       -2.7528010006416922E-004
   23.550000000000001       -2.6107961972092898E-004
   23.600000000000001       -2.4658145234438239E-004
   23.650000000000002       -2.3182928552763546E-004
   23.700000000000003       -2.1686634967267964E-004
   23.750000000000000       -2.0173532134416577E-004
   23.800000000000001       -1.8647823042392521E-004
   23.850000000000001       -1.7113637120333276E-004
   23.900000000000002       -1.5575021753733520E-004
   23.950000000000003       -1.4035934217071849E-004
   24.000000000000000       -1.2500234033399258E-004
   24.050000000000001       -1.0971675769316367E-004
   24.100000000000001       -9.4539022724672876E-005
   24.150000000000002       -7.9504383573934743E-005
   24.200000000000003       -6.4646849443239615E-005
   24.250000000000000       -4.9999136542316347E-005
   24.300000000000001       -3.5592618622612447E-005
   24.350000000000001       -2.1457282104363400E-005
   24.400000000000002       -7.6216857938137867E-006
   24.450000000000003        5.8870748234564362E-006
   24.500000000000000        1.9043398738236345E-005
   24.550000000000001        3.1823206058304043E-005
   24.600000000000001        4.4203960180237718E-005
   24.650000000000002        5.6164685548708445E-005
   24.700000000000003        6.7685981069169453E-005
   24.750000000000000        7.8750029249075225E-005
   24.800000000000001        8.9340601151564151E-005
   24.850000000000001        9.9443057253909069E-005
   24.900000000000002        1.0904434431097033E-004
   24.950000000000003        1.1813298833136789E-004
   25.000000000000000        1.2669908378111399E-004
   25.050000000000001        1.3473427913601111E-004
   25.100000000000001        1.4223175891021488E-004
   25.150000000000002        1.4918622229398692E-004
   25.200000000000003        1.5559385853881316E-004
   25.250000000000000        1.6145231923274123E-004
   25.300000000000001        1.6676068761299281E-004
   25.350000000000001        1.7151944506663792E-004
   25.400000000000002        1.7573043497337776E-004
   25.450000000000003        1.7939682404727680E-004
   25.500000000000000        1.8252306133661583E-004
   25.550000000000001        1.8511483504291345E-004
   25.600000000000001        1.8717902732158945E-004
   25.650000000000002        1.8872366722772708E-004
   25.700000000000003        1.8975788197094266E-004
   25.750000000000000        1.9029184664349751E-004
   25.800000000000001        1.9033673258550085E-004
   25.850000000000001        1.8990465455036350E-004
   25.900000000000002        1.8900861683258228E-004
   25.950000000000003        1.8766245851847753E-004
   26.000000000000000        1.8588079801868296E-004
   26.050000000000001        1.8367897703901257E-004
   26.100000000000001        1.8107300414381847E-004
   26.150000000000002        1.7807949806311840E-004
   26.200000000000003        1.7471563089163108E-004
   26.250000000000000        1.7099907132442406E-004
   26.300000000000001        1.6694792807016957E-004
   26.350000000000001        1.6258069357903479E-004
   26.400000000000002        1.5791618821802138E-004
   26.450000000000003        1.5297350502212911E-004
   26.500000000000000        1.4777195514507037E-004
   26.550000000000001        1.4233101412841994E-004
   26.600000000000001        1.3667026910306612E-004
   26.650000000000002        1.3080936703165216E-004
   26.700000000000003        1.2476796409537704E-004
   26.750000000000000        1.1856567632307963E-004
   26.800000000000001        1.1222203155497644E-004
   26.850000000000001        1.0575642282777728E-004
   26.900000000000002        9.9188063262181490E-005
   26.950000000000003        9.2535942527976735E-005
   27.000000000000000        8.5818784956137318E-005
   27.050000000000001        7.9055009361466891E-005
   27.100000000000001        7.2262690633465422E-005
   27.150000000000002        6.5459523147237550E-005
   27.200000000000003        5.8662786040414156E-005
   27.250000000000000        5.1889310396244424E-005
   27.300000000000001        4.5155448367246539E-005
   27.350000000000001        3.8477044268093847E-005
   27.400000000000002        3.1869407660773474E-005
   27.450000000000003        2.5347288449497665E-005
   27.500000000000000        1.8924853997386791E-005
   27.550000000000001        1.2615668271588048E-005
   27.600000000000001        6.4326730182561381E-006
   27.650000000000002        3.8817096371199701E-007
   27.700000000000003       -5.5061889668778199E-006
   27.750000000000000       -1.1239424426785767E-005
   27.800000000000001       -1.6801230439129642E-005
   27.850000000000001       -2.2181988225069074E-005
   27.900000000000002       -2.7372772095801896E-005
   27.950000000000003       -3.2365354439535440E-005
   28.000000000000000       -3.7152208838590931E-005
   28.050000000000001       -4.1726511355594925E-005
   28.100000000000001       -4.6082140031315099E-005
   28.150000000000002       -5.0213672640104757E-005
   28.200000000000003       -5.4116382752127168E-005
   28.250000000000000       -5.7786234154534736E-005
   28.300000000000001       -6.1219873686576182E-005
   28.350000000000001       -6.4414622546195744E-005
   28.400000000000002       -6.7368466128070695E-005
   28.450000000000003       -7.0080042455205997E-005
   28.500000000000000       -7.2548629268168305E-005
   28.550000000000001       -7.4774129837795232E-005
   28.600000000000001       -7.6757057568761197E-005
   28.650000000000002       -7.8498519462719536E-005
   28.700000000000003       -8.0000198510873666E-005
   28.750000000000000       -8.1264335086760097E-005
   28.800000000000001       -8.2293707410756078E-005
   28.850000000000001       -8.3091611158357478E-005
   28.900000000000002       -8.3661838284611984E-005
   28.950000000000003       -8.4008655137242591E-005
   29.000000000000000       -8.4136779930961362E-005
   29.050000000000001       -8.4051359655257926E-005
   29.100000000000001       -8.3757946487556344E-005
   29.150000000000002       -8.3262473783073243E-005
   29.200000000000003       -8.2571231711985041E-005
   29.250000000000000       -8.1690842613628664E-005
   29.300000000000001       -8.0628236136424272E-005
   29.350000000000001       -7.9390624231027326E-005
   29.400000000000002       -7.7985476062896223E-005
   29.450000000000003       -7.6420492909008779E-005
   29.500000000000000       -7.4703583101881957E-005
   29.550000000000001       -7.2842837082352305E-005
   29.600000000000001       -7.0846502620766072E-005
   29.650000000000002       -6.8722960264315733E-005
   29.700000000000003       -6.6480699066251108E-005
   29.750000000000000       -6.4128292650594899E-005
   29.800000000000001       -6.1674375663813485E-005
   29.850000000000001       -5.9127620662639818E-005
   29.900000000000002       -5.6496715484925026E-005
   29.950000000000003       -5.3790341148015929E-005
   30.000000000000000       -5.1017150316724369E-005
   30.050000000000001       -4.8185746380478615E-005
   30.100000000000001       -4.5304663176734426E-005
   30.150000000000002       -4.2382345395180747E-005
   30.200000000000003       -3.9427129694709684E-005
   30.250000000000000       -3.6447226562539161E-005
   30.300000000000001       -3.3450702942286722E-005
   30.350000000000001       -3.0445465655200476E-005
   30.400000000000002       -2.7439245636165142E-005
   30.450000000000003       -2.4439583003523887E-005
   30.500000000000000       -2.1453812979195936E-005
   30.550000000000001       -1.8489052673032310E-005
   30.600000000000001       -1.5552188742842827E-005
   30.650000000000002       -1.2649865939052540E-005
   30.700000000000003       -9.7884765405102217E-006
   30.750000000000000       -6.9741506855805774E-006
   30.800000000000001       -4.2127476003103641E-006
   30.850000000000001       -1.5098477231711611E-006
   30.900000000000002        1.1292542763474881E-006
   30.950000000000003        3.6995555901873029E-006
   31.000000000000000        6.1963504822056751E-006
   31.050000000000001        8.6152346257181728E-006
   31.100000000000001        1.0952108579078830E-005
   31.150000000000002        1.3203180412158320E-005
   31.200000000000003        1.5364967498381388E-005
   31.250000000000000        1.7434297488704436E-005
   31.300000000000001        1.9408308485549853E-005
   31.350000000000001        2.1284448436263307E-005
   31.400000000000002        2.3060473767122284E-005
   31.450000000000003        2.4734447280297090E-005
   31.500000000000000        2.6304735337448089E-005
   31.550000000000001        2.7770004354834276E-005
   31.600000000000001        2.9129216635907647E-005
   31.650000000000002        3.0381625568374712E-005
   31.700000000000003        3.1526770213620851E-005
   31.750000000000000        3.2564469317214840E-005
   31.800000000000001        3.3494814769940326E-005
   31.850000000000001        3.4318164549438486E-005
   31.900000000000002        3.5035135173092438E-005
   31.950000000000003        3.5646593693240224E-005
   32.000000000000000        3.6153649266170088E-005
   32.050000000000004        3.6557644326630972E-005
   32.100000000000001        3.6860145399784114E-005
   32.149999999999999        3.7062933582629835E-005
   32.200000000000003        3.7167994726969053E-005
   32.250000000000000        3.7177509355903762E-005
   32.300000000000004        3.7093842345746756E-005
   32.350000000000001        3.6919532405000569E-005
   32.399999999999999        3.6657281381781507E-005
   32.450000000000003        3.6309943430708990E-005
   32.500000000000000        3.5880514069856462E-005
   32.550000000000004        3.5372119157869850E-005
   32.600000000000001        3.4788003820806674E-005
   32.649999999999999        3.4131521357635600E-005
   32.700000000000003        3.3406122152666283E-005
   32.750000000000000        3.2615342622455064E-005
   32.800000000000004        3.1762794223957446E-005
   32.850000000000001        3.0852152549875728E-005
   32.899999999999999        2.9887146536283596E-005
   32.950000000000003        2.8871547806701682E-005
   33.000000000000000        2.7809160175852590E-005
   33.050000000000004        2.6703809335344055E-005
   33.100000000000001        2.5559332742517808E-005
   33.149999999999999        2.4379569732662881E-005
   33.200000000000003        2.3168351873728704E-005
   33.250000000000000        2.1929493581588744E-005
   33.300000000000004        2.0666783012802703E-005
   33.350000000000001        1.9383973250707985E-005
   33.399999999999999        1.8084773799541900E-005
   33.450000000000003        1.6772842400158576E-005
   33.500000000000000        1.5451777179761405E-005
   33.550000000000004        1.4125109146926297E-005
   33.600000000000001        1.2796295042045925E-005
   33.649999999999999        1.1468710552183321E-005
   33.700000000000003        1.0145643898187453E-005
   33.750000000000000        8.8302898007964484E-006
   33.800000000000004        7.5257438313385143E-006
   33.850000000000001        6.2349971515388603E-006
   33.899999999999999        4.9609316458554513E-006
   33.950000000000003        3.7063154486995396E-006
   34.000000000000000        2.4737988678507982E-006
   34.050000000000004        1.2659107043536546E-006
   34.100000000000001        8.5054968183056267E-008
   34.149999999999999       -1.0664920120037347E-006
   34.200000000000003       -2.1865840876558470E-006
   34.250000000000000       -3.2732074011975208E-006
   34.300000000000004       -4.3244821133976740E-006
   34.350000000000001       -5.3386637525093633E-006
   34.399999999999999       -6.3141441912620501E-006
   34.450000000000003       -7.2494522585678687E-006
   34.500000000000000       -8.1432539935447818E-006
   34.550000000000004       -8.9943525501636339E-006
   34.600000000000001       -9.8016877614919090E-006
   34.649999999999999       -1.0564335373133640E-005
   34.700000000000003       -1.1281505956051985E-005
   34.750000000000000       -1.1952543509507840E-005
   34.800000000000004       -1.2576923765354241E-005
   34.850000000000001       -1.3154252205391924E-005
   34.899999999999999       -1.3684261803916135E-005
   34.950000000000003       -1.4166810507968517E-005
   35.000000000000000       -1.4601878468150852E-005
   35.050000000000004       -1.4989565033159550E-005
   35.100000000000001       -1.5330085521461536E-005
   35.149999999999999       -1.5623767783753817E-005
   35.200000000000003       -1.5871048570030997E-005
   35.250000000000000       -1.6072469715227835E-005
   35.300000000000004       -1.6228674157508414E-005
   35.350000000000001       -1.6340401803339986E-005
   35.399999999999999       -1.6408485253519237E-005
   35.450000000000003       -1.6433845404312050E-005
   35.500000000000000       -1.6417486937826112E-005
   35.550000000000004       -1.6360493715659602E-005
   35.600000000000001       -1.6264024089759930E-005
   35.649999999999999       -1.6129306144285142E-005
   35.700000000000003       -1.5957632882088258E-005
   35.750000000000000       -1.5750357369242770E-005
   35.800000000000004       -1.5508887850796939E-005
   35.850000000000001       -1.5234682850686816E-005
   35.899999999999999       -1.4929246268454203E-005
   35.950000000000003       -1.4594122485107656E-005
   36.000000000000000       -1.4230891490133299E-005
   36.050000000000004       -1.3841164041309169E-005
   36.100000000000001       -1.3426576868603474E-005
   36.149999999999999       -1.2988787933044921E-005
   36.200000000000003       -1.2529471751043633E-005
   36.250000000000000       -1.2050314794215587E-005
   36.300000000000004       -1.1553010974323432E-005
   36.350000000000001       -1.1039257222493416E-005
   36.399999999999999       -1.0510749171403476E-005
   36.450000000000003       -9.9691769486627609E-006
   36.500000000000000       -9.4162210891193185E-006
   36.550000000000004       -8.8535485733420115E-006
   36.600000000000001       -8.2828089990260724E-006
   36.649999999999999       -7.7056308915707036E-006
   36.700000000000003       -7.1236181595729824E-006
   36.750000000000000       -6.5383467004764223E-006
   36.800000000000004       -5.9513611611062022E-006
   36.850000000000001       -5.3641718573175595E-006
   36.899999999999999       -4.7782518564804035E-006
   36.950000000000003       -4.1950342260230206E-006
   37.000000000000000       -3.6159094507620456E-006
   37.050000000000004       -3.0422230212557093E-006
   37.100000000000001       -2.4752731949339040E-006
   37.149999999999999       -1.9163089312828155E-006
   37.200000000000003       -1.3665280018947999E-006
   37.250000000000000       -8.2707527573674881E-007
   37.300000000000004       -2.9904117954330737E-007
   37.350000000000001        2.1653966719415632E-007
   37.399999999999999        7.1868964359519810E-007
   37.450000000000003        1.2064891464772260E-006
   37.500000000000000        1.6790774389210109E-006
   37.550000000000004        2.1356533304564005E-006
   37.600000000000001        2.5754756913772687E-006
   37.649999999999999        2.9978638040466788E-006
   37.700000000000003        3.4021975543892485E-006
   37.750000000000000        3.7879174670872970E-006
   37.800000000000004        4.1545245883001991E-006
   37.850000000000001        4.5015802200120576E-006
   37.899999999999999        4.8287055103811275E-006
   37.950000000000003        5.1355809047150650E-006
   38.000000000000000        5.4219454619289226E-006
   38.050000000000004        5.6875960415576779E-006
   38.100000000000001        5.9323863665918965E-006
   38.149999999999999        6.1562259675838669E-006
   38.200000000000003        6.3590790136321761E-006
   38.250000000000000        6.5409630359953039E-006
   38.300000000000004        6.7019475502094823E-006
   38.350000000000001        6.8421525826929073E-006
   38.400000000000006        6.9617471079076480E-006
   38.450000000000003        7.0609474022223921E-006
   38.500000000000000        7.1400153206738578E-006
   38.550000000000004        7.1992565028625038E-006
   38.600000000000001        7.2390185142394330E-006
   38.650000000000006        7.2596889290464988E-006
   38.700000000000003        7.2616933611609306E-006
   38.750000000000000        7.2454934490697589E-006
   38.800000000000004        7.2115848011583511E-006
   38.850000000000001        7.1604949074419883E-006
   38.900000000000006        7.0927810238000831E-006
   38.950000000000003        7.0090280346898736E-006
   39.000000000000000        6.9098463002208386E-006
   39.050000000000004        6.7958694933631143E-006
   39.100000000000001        6.6677524329435568E-006
   39.150000000000006        6.5261689179522523E-006
   39.200000000000003        6.3718095685409658E-006
   39.250000000000000        6.2053796789437168E-006
   39.300000000000004        6.0275970873891395E-006
   39.350000000000001        5.8391900679050450E-006
   39.400000000000006        5.6408952487383732E-006
   39.450000000000003        5.4334555619290967E-006
   39.500000000000000        5.2176182283852961E-006
   39.550000000000004        4.9941327826091868E-006
   39.600000000000001        4.7637491410210090E-006
   39.650000000000006        4.5272157176200279E-006
   39.700000000000003        4.2852775905100600E-006
   39.750000000000000        4.0386747226015996E-006
   39.800000000000004        3.7881402395843737E-006
   39.850000000000001        3.5343987680436402E-006
   39.900000000000006        3.2781648363713343E-006
   39.950000000000003        3.0201413408999222E-006
   40.000000000000000        2.7610180794630572E-006
   40.050000000000004        2.5014703543634652E-006
   40.100000000000001        2.2421576465054608E-006
   40.150000000000006        1.9837223622276475E-006
   40.200000000000003        1.7267886541512137E-006
   40.250000000000000        1.4719613171413148E-006
   40.300000000000004        1.2198247602638114E-006
   40.350000000000001        9.7094205540758683E-007
   40.400000000000006        7.2585406303424927E-007
   40.450000000000003        4.8507863531265968E-007
   40.500000000000000        2.4910989669582833E-007
   40.550000000000004        1.8417601802678155E-008
   40.600000000000001       -2.0655342972264998E-007
   40.650000000000006       -4.2538380188553831E-007
   40.700000000000003       -6.3767995523964063E-007
   40.750000000000000       -8.4307450487179137E-007
   40.800000000000004       -1.0412265045009591E-006
   40.850000000000001       -1.2318216378781458E-006
   40.900000000000006       -1.4145723388262082E-006
   40.950000000000003       -1.5892178414035047E-006
   41.000000000000000       -1.7555241618128616E-006
   41.050000000000004       -1.9132840138074548E-006
   41.100000000000001       -2.0623166594676673E-006
   41.150000000000006       -2.2024676973377092E-006
   41.200000000000003       -2.3336087900176601E-006
   41.250000000000000       -2.4556373334055734E-006
   41.300000000000004       -2.5684760698752810E-006
   41.350000000000001       -2.6720726477585648E-006
   41.400000000000006       -2.7663991295753781E-006
   41.450000000000003       -2.8514514515228416E-006
   41.500000000000000       -2.9272488367928210E-006
   41.550000000000004       -2.9938331653390791E-006
   41.600000000000001       -3.0512683027583443E-006
   41.650000000000006       -3.0996393909852440E-006
   41.700000000000003       -3.1390521035290205E-006
   41.750000000000000       -3.1696318680003927E-006
   41.800000000000004       -3.1915230586899929E-006
   41.850000000000001       -3.2048881619656419E-006
   41.900000000000006       -3.2099069172544991E-006
   41.950000000000003       -3.2067754363680123E-006
   42.000000000000000       -3.1957053039127814E-006
   42.050000000000004       -3.1769226615091629E-006
   42.100000000000001       -3.1506672785118754E-006
   42.150000000000006       -3.1171916118932536E-006
   42.200000000000003       -3.0767598579103765E-006
   42.250000000000000       -3.0296469981323076E-006
   42.300000000000004       -2.9761378423533712E-006
   42.350000000000001       -2.9165260708630358E-006
   42.400000000000006       -2.8511132784828115E-006
   42.450000000000003       -2.7802080227158955E-006
   42.500000000000000       -2.7041248782863716E-006
   42.550000000000004       -2.6231835002718781E-006
   42.600000000000001       -2.5377076979570750E-006
   42.650000000000006       -2.4480245214552561E-006
   42.700000000000003       -2.3544633630623504E-006
   42.750000000000000       -2.2573550752216168E-006
   42.800000000000004       -2.1570311068888525E-006
   42.850000000000001       -2.0538226599971893E-006
   42.900000000000006       -1.9480598676278283E-006
   42.950000000000003       -1.8400709953986348E-006
   43.000000000000000       -1.7301816674866772E-006
   43.050000000000004       -1.6187141186038041E-006
   43.100000000000001       -1.5059864731464950E-006
   43.150000000000006       -1.3923120526427539E-006
   43.200000000000003       -1.2779987125200006E-006
   43.250000000000000       -1.1633482091190168E-006
   43.300000000000004       -1.0486555977802609E-006
   43.350000000000001       -9.3420866273052363E-007
   43.400000000000006       -8.2028737940020387E-007
   43.450000000000003       -7.0716340970464175E-007
   43.500000000000000       -5.9509963072720728E-007
   43.550000000000004       -4.8434969714739065E-007
   43.600000000000001       -3.7515763766420108E-007
   43.650000000000006       -2.6775748557393078E-007
   43.700000000000003       -1.6237294357198242E-007
   43.750000000000000       -5.9217082761152806E-008
   43.800000000000004        4.1507924236308963E-008
   43.850000000000001        1.3961103624824340E-007
   43.900000000000006        2.3491254286925887E-007
   43.950000000000003        3.2724423046757579E-007
   44.000000000000000        4.1644951529976590E-007
   44.050000000000004        5.0238354422290188E-007
   44.100000000000001        5.8491326356240218E-007
   44.150000000000006        6.6391745675950915E-007
   44.200000000000003        7.3928675148478974E-007
   44.250000000000000        8.1092359696322658E-007
   44.300000000000004        8.7874221231229456E-007
   44.350000000000001        9.4266850674685541E-007
   44.400000000000006        1.0026399725536854E-006
   44.450000000000003        1.0586055517839610E-006
   44.500000000000000        1.1105254776540202E-006
   44.550000000000004        1.1583710916831933E-006
   44.600000000000001        1.2021246376324300E-006
   44.650000000000006        1.2417790333388553E-006
   44.700000000000003        1.2773376215692737E-006
   44.750000000000000        1.3088139010400092E-006
   44.800000000000004        1.3362312387713773E-006
   44.850000000000001        1.3596225649625337E-006
   44.900000000000006        1.3790300515865058E-006
   44.950000000000003        1.3945047759159137E-006
   45.000000000000000        1.4061063701972975E-006
   45.050000000000004        1.4139026586961546E-006
   45.100000000000001        1.4179692833358012E-006
   45.150000000000006        1.4183893191511183E-006
   45.200000000000003        1.4152528807731759E-006
   45.250000000000000        1.4086567211527503E-006
   45.300000000000004        1.3987038237199545E-006
   45.350000000000001        1.3855029891636801E-006
   45.400000000000006        1.3691684179984044E-006
   45.450000000000003        1.3498192900672655E-006
   45.500000000000000        1.3275793421092381E-006
   45.550000000000004        1.3025764444948891E-006
   45.600000000000001        1.2749421782096626E-006
   45.650000000000006        1.2448114131360436E-006
   45.700000000000003        1.2123218886564256E-006
   45.750000000000000        1.1776137975671577E-006
   45.800000000000004        1.1408293742612044E-006
   45.850000000000001        1.1021124881022475E-006
   45.900000000000006        1.0616082428770094E-006
   45.950000000000003        1.0194625831752103E-006
   46.000000000000000        9.7582190850801849E-007
   46.050000000000004        9.3083269593623691E-007
   46.100000000000001        8.8464113193890964E-007
   46.150000000000006        8.3739275421166855E-007
   46.200000000000003        7.8923210404207953E-007
   46.250000000000000        7.4030238986662526E-007
   46.300000000000004        6.9074516257089093E-007
   46.350000000000001        6.4070000305112286E-007
   46.400000000000006        5.9030422251172135E-007
   46.450000000000003        5.3969257592952565E-007
   46.500000000000000        4.8899698907206110E-007
   46.550000000000004        4.3834629941335306E-007
   46.600000000000001        3.8786601124757934E-007
   46.650000000000006        3.3767806525783107E-007
   46.700000000000003        2.8790062275468196E-007
   46.750000000000000        2.3864786475722487E-007
   46.800000000000004        1.9002980604781114E-007
   46.850000000000001        1.4215212429101324E-007
   46.900000000000006        9.5116004267407750E-008
   46.950000000000003        4.9017997233723877E-008
   47.000000000000000        3.9498953827977952E-009
   47.050000000000004       -4.0001378660312134E-008
   47.100000000000001       -8.2753867405693532E-008
   47.150000000000006       -1.2423065926392615E-007
   47.200000000000003       -1.6435995467754315E-007
   47.250000000000000       -2.0307511781912587E-007
   47.300000000000004       -2.4031471408762123E-007
   47.350000000000001       -2.7602253366418515E-007
   47.400000000000006       -3.1014760141717451E-007
   47.450000000000003       -3.4264417347279622E-007
   47.500000000000000       -3.7347172079334542E-007
   47.550000000000004       -4.0259490012889755E-007
   47.600000000000001       -4.2998351273073863E-007
   47.650000000000006       -4.5561245123570686E-007
   47.700000000000003       -4.7946163514996166E-007
   47.750000000000000       -5.0151593537848522E-007
   47.800000000000004       -5.2176508826284959E-007
   47.850000000000001       -5.4020359960444775E-007
   47.900000000000006       -5.5683063916349491E-007
   47.950000000000003       -5.7164992613565721E-007
   48.000000000000000       -5.8466960611817640E-007
   48.050000000000004       -5.9590212008583720E-007
   48.100000000000001       -6.0536406590409199E-007
   48.150000000000006       -6.1307605291213035E-007
   48.200000000000003       -6.1906255011268749E-007
   48.250000000000000       -6.2335172850794909E-007
   48.300000000000004       -6.2597529812205934E-007
   48.350000000000001       -6.2696834025051182E-007
   48.400000000000006       -6.2636913547512683E-007
   48.450000000000003       -6.2421898798043867E-007
   48.500000000000000       -6.2056204670316673E-007
   48.550000000000004       -6.1544512384106884E-007
   48.600000000000001       -6.0891751124092084E-007
   48.650000000000006       -6.0103079517767432E-007
   48.700000000000003       -5.9183867002806483E-007
   48.750000000000000       -5.8139675133212545E-007
   48.800000000000004       -5.6976238872525435E-007
   48.850000000000001       -5.5699447921174205E-007
   48.900000000000006       -5.4315328123803826E-007
   48.950000000000003       -5.2830023001058196E-007
   49.000000000000000       -5.1249775448878573E-007
   49.050000000000004       -4.9580909646881245E-007
   49.100000000000001       -4.7829813215816650E-007
   49.150000000000006       -4.6002919662489138E-007
   49.200000000000003       -4.4106691148838595E-007
   49.250000000000000       -4.2147601620157223E-007
   49.300000000000004       -4.0132120325642495E-007
   49.350000000000001       -3.8066695762676532E-007
   49.400000000000006       -3.5957740074378025E-007
   49.450000000000003       -3.3811613928101042E-007
   49.500000000000000       -3.1634611900660733E-007
   49.550000000000004       -2.9432948394154779E-007
   49.600000000000001       -2.7212744104326085E-007
   49.650000000000006       -2.4980013061482296E-007
   49.700000000000003       -2.2740650262055898E-007
   49.750000000000000       -2.0500419906960020E-007
   49.800000000000004       -1.8264944260974140E-007
   49.850000000000001       -1.6039693145485473E-007
   49.900000000000006       -1.3829974075020308E-007
   49.950000000000003       -1.1640923046129221E-007
   50.000000000000000       -9.4774959853450873E-008
